********************************************************************************
STREME - Sensitive, Thorough, Rapid, Enriched Motif Elicitation
********************************************************************************
MEME version 5.5.7 (Release date: Wed Jun 19 13:59:04 2024 -0700)

For further information on how to interpret these results please access http://localhost:8080/meme_5.5.7.
To get a copy of the MEME Suite software please access https://meme-suite.org.

********************************************************************************


********************************************************************************
REFERENCE
********************************************************************************
If you use this program in your research, please cite:

Timothy L. Bailey,
"STREME: accurate and versatile sequence motif discovery",
Bioinformatics, Mar. 24, 2021.
********************************************************************************


ALPHABET= ACGT

strands: + -

Background letter frequencies
A 0.304 C 0.196 G 0.196 T 0.304 

MOTIF 1-AGTCGTAAT STREME-1
letter-probability matrix: alength= 4 w= 9 nsites= 48 E= 1.3e+000
 0.970956 0.000546 0.018514 0.009984
 0.000849 0.000546 0.997755 0.000849
 0.032272 0.014039 0.062899 0.890790
 0.007301 0.991304 0.000546 0.000849
 0.000849 0.000546 0.997755 0.000849
 0.000849 0.139199 0.057683 0.802269
 0.838942 0.113240 0.020169 0.027649
 0.832339 0.039801 0.047513 0.080348
 0.032657 0.034611 0.151073 0.781658

MOTIF 2-AAAATATACACAGT STREME-2
letter-probability matrix: alength= 4 w= 14 nsites= 16 E= 1.6e+000
 0.997486 0.000707 0.000707 0.001100
 0.696147 0.000707 0.000707 0.302439
 0.997486 0.000707 0.000707 0.001100
 0.915226 0.000707 0.000707 0.083360
 0.001100 0.000707 0.000707 0.997486
 0.997486 0.000707 0.000707 0.001100
 0.201588 0.000707 0.000707 0.796998
 0.997486 0.000707 0.000707 0.001100
 0.053089 0.721470 0.000707 0.224734
 0.928923 0.069270 0.000707 0.001100
 0.001100 0.705203 0.210337 0.083360
 0.915226 0.082967 0.000707 0.001100
 0.001100 0.000707 0.997093 0.001100
 0.001100 0.000707 0.000707 0.997486

MOTIF 3-CGAGAAAAAAAATAK STREME-3
letter-probability matrix: alength= 4 w= 15 nsites= 10 E= 1.6e+000
 0.001800 0.860671 0.135730 0.001800
 0.001800 0.001156 0.995244 0.001800
 0.995887 0.001156 0.001156 0.001800
 0.136373 0.001156 0.860671 0.001800
 0.995887 0.001156 0.001156 0.001800
 0.995887 0.001156 0.001156 0.001800
 0.726741 0.001156 0.135730 0.136373
 0.995887 0.001156 0.001156 0.001800
 0.995887 0.001156 0.001156 0.001800
 0.861314 0.001156 0.001156 0.136373
 0.995887 0.001156 0.001156 0.001800
 0.995887 0.001156 0.001156 0.001800
 0.001800 0.001156 0.001156 0.995887
 0.861314 0.135730 0.001156 0.001800
 0.001800 0.001156 0.539449 0.457595

MOTIF 4-RAATGAGAATRAACWKGAMKCAGTA STREME-4
letter-probability matrix: alength= 4 w= 25 nsites= 8 E= 5.4e+000
 0.583557 0.001250 0.413249 0.001945
 0.995556 0.001250 0.001250 0.001945
 0.995556 0.001250 0.001250 0.001945
 0.001945 0.001250 0.001250 0.995556
 0.268540 0.001250 0.582862 0.147348
 0.995556 0.001250 0.001250 0.001945
 0.001945 0.001250 0.849458 0.147348
 0.850153 0.001250 0.146653 0.001945
 0.995556 0.001250 0.001250 0.001945
 0.001945 0.001250 0.001250 0.995556
 0.583557 0.001250 0.413249 0.001945
 0.850153 0.001250 0.146653 0.001945
 0.995556 0.001250 0.001250 0.001945
 0.001945 0.994861 0.001250 0.001945
 0.583557 0.001250 0.001250 0.413944
 0.001945 0.001250 0.413249 0.583557
 0.147348 0.001250 0.849458 0.001945
 0.850153 0.146653 0.001250 0.001945
 0.413944 0.582862 0.001250 0.001945
 0.001945 0.146653 0.437459 0.413944
 0.001945 0.849458 0.001250 0.147348
 0.995556 0.001250 0.001250 0.001945
 0.147348 0.001250 0.849458 0.001945
 0.123137 0.001250 0.146653 0.728961
 0.704750 0.001250 0.292056 0.001945

MOTIF 5-CAGTTTAGA STREME-5
letter-probability matrix: alength= 4 w= 9 nsites= 81 E= 7.6e+000
 0.000751 0.923531 0.045170 0.030547
 0.955300 0.000483 0.000483 0.043734
 0.056963 0.029433 0.912853 0.000751
 0.000751 0.081078 0.098675 0.819496
 0.096020 0.074461 0.000483 0.829037
 0.021105 0.000483 0.031149 0.947263
 0.998283 0.000483 0.000483 0.000751
 0.000751 0.000483 0.998015 0.000751
 0.645154 0.290367 0.045853 0.018627

MOTIF 6-TTGTAAGATTGTATGTAAAT STREME-6
letter-probability matrix: alength= 4 w= 20 nsites= 13 E= 1.1e+001
 0.001221 0.092092 0.000785 0.905902
 0.001221 0.000785 0.000785 0.997210
 0.183837 0.092092 0.722850 0.001221
 0.001221 0.000785 0.000785 0.997210
 0.905902 0.000785 0.000785 0.092529
 0.997210 0.000785 0.000785 0.001221
 0.001221 0.000785 0.905465 0.092529
 0.787860 0.210134 0.000785 0.001221
 0.092529 0.000785 0.000785 0.905902
 0.092529 0.000785 0.274708 0.631979
 0.092529 0.092092 0.722850 0.092529
 0.119263 0.000785 0.000785 0.879168
 0.631979 0.092092 0.000785 0.275144
 0.183837 0.000785 0.118826 0.696552
 0.119263 0.000785 0.878731 0.001221
 0.092529 0.000785 0.092092 0.814594
 0.723286 0.183400 0.000785 0.092529
 0.814594 0.092092 0.000785 0.092529
 0.814594 0.000785 0.092092 0.092529
 0.092529 0.239577 0.092092 0.575801

MOTIF 7-AGAATCAACCTMGAK STREME-7
letter-probability matrix: alength= 4 w= 15 nsites= 11 E= 1.1e+001
 0.995985 0.001129 0.001129 0.001757
 0.111264 0.001129 0.885850 0.001757
 0.995985 0.001129 0.001129 0.001757
 0.995985 0.001129 0.001129 0.001757
 0.001757 0.001129 0.001129 0.995985
 0.001757 0.863973 0.132512 0.001757
 0.886478 0.110636 0.001129 0.001757
 0.864602 0.001129 0.001129 0.133140
 0.133140 0.863973 0.001129 0.001757
 0.001757 0.995357 0.001129 0.001757
 0.001757 0.001129 0.001129 0.995985
 0.345358 0.520373 0.132512 0.001757
 0.001757 0.001129 0.995357 0.001757
 0.995985 0.001129 0.001129 0.001757
 0.001757 0.001129 0.651756 0.345358

MOTIF 8-GACAGACAANSTAAAG STREME-8
letter-probability matrix: alength= 4 w= 16 nsites= 11 E= 1.1e+001
 0.001275 0.000819 0.996631 0.001275
 0.997086 0.000819 0.000819 0.001275
 0.096614 0.901292 0.000819 0.001275
 0.901748 0.000819 0.000819 0.096614
 0.001275 0.000819 0.996631 0.001275
 0.901748 0.096158 0.000819 0.001275
 0.096614 0.651958 0.250154 0.001275
 0.901748 0.096158 0.000819 0.001275
 0.997086 0.000819 0.000819 0.001275
 0.191952 0.270604 0.345492 0.191952
 0.175721 0.477512 0.345492 0.001275
 0.250609 0.000819 0.000819 0.747752
 0.822640 0.000819 0.000819 0.175721
 0.901748 0.000819 0.000819 0.096614
 0.806409 0.000819 0.096158 0.096614
 0.001275 0.096158 0.901292 0.001275

MOTIF 9-CCGATCACGTGTGACCT STREME-9
letter-probability matrix: alength= 4 w= 17 nsites= 10 E= 1.1e+001
 0.001575 0.995837 0.001012 0.001575
 0.001575 0.760236 0.001012 0.237176
 0.001575 0.001012 0.995837 0.001575
 0.996400 0.001012 0.001012 0.001575
 0.001575 0.001012 0.118813 0.878600
 0.001575 0.995837 0.001012 0.001575
 0.996400 0.001012 0.001012 0.001575
 0.001575 0.687759 0.309090 0.001575
 0.001575 0.001012 0.995837 0.001575
 0.237176 0.001012 0.001012 0.760799
 0.217121 0.001012 0.780291 0.001575
 0.119376 0.236613 0.001012 0.642999
 0.001575 0.118813 0.760236 0.119376
 0.780854 0.001012 0.001012 0.217121
 0.001575 0.995837 0.001012 0.001575
 0.309653 0.687759 0.001012 0.001575
 0.001575 0.309090 0.001012 0.688322

MOTIF 10-AATATCCGATWCGA STREME-10
letter-probability matrix: alength= 4 w= 14 nsites= 8 E= 1.1e+001
 0.995554 0.001250 0.001250 0.001946
 0.995554 0.001250 0.001250 0.001946
 0.001946 0.001250 0.001250 0.995554
 0.850072 0.001250 0.001250 0.147428
 0.001946 0.001250 0.001250 0.995554
 0.001946 0.849376 0.001250 0.147428
 0.001946 0.994859 0.001250 0.001946
 0.001946 0.001250 0.849376 0.147428
 0.704589 0.001250 0.146732 0.147428
 0.001946 0.001250 0.146732 0.850072
 0.559107 0.001250 0.001250 0.438392
 0.001946 0.994859 0.001250 0.001946
 0.001946 0.001250 0.994859 0.001946
 0.850072 0.001250 0.001250 0.147428

MOTIF 11-AGATCTTTTGTAWAASCWR STREME-11
letter-probability matrix: alength= 4 w= 19 nsites= 7 E= 1.1e+001
 0.835868 0.001632 0.159959 0.002540
 0.002540 0.001632 0.993287 0.002540
 0.804239 0.001632 0.001632 0.192496
 0.002540 0.001632 0.001632 0.994195
 0.192496 0.803331 0.001632 0.002540
 0.002540 0.001632 0.001632 0.994195
 0.002540 0.001632 0.001632 0.994195
 0.002540 0.001632 0.001632 0.994195
 0.002540 0.001632 0.001632 0.994195
 0.002540 0.191588 0.803331 0.002540
 0.002540 0.001632 0.159959 0.835868
 0.804239 0.001632 0.191588 0.002540
 0.645913 0.001632 0.001632 0.350822
 0.835868 0.159959 0.001632 0.002540
 0.994195 0.001632 0.001632 0.002540
 0.192496 0.455050 0.349914 0.002540
 0.192496 0.803331 0.001632 0.002540
 0.455958 0.001632 0.001632 0.540778
 0.455958 0.001632 0.539870 0.002540

MOTIF 12-AAGGGTTGGGCA STREME-12
letter-probability matrix: alength= 4 w= 12 nsites= 22 E= 1.3e+001
 0.906139 0.042402 0.050786 0.000673
 0.998461 0.000433 0.000433 0.000673
 0.000673 0.065528 0.817676 0.116122
 0.000673 0.000433 0.882772 0.116122
 0.000673 0.050786 0.947868 0.000673
 0.051026 0.065528 0.124019 0.759426
 0.116122 0.000433 0.032256 0.851189
 0.217140 0.000433 0.781754 0.000673
 0.078827 0.107497 0.771033 0.042642
 0.000673 0.050786 0.897515 0.051026
 0.074466 0.623744 0.214579 0.087211
 0.897755 0.000433 0.000433 0.101379

MOTIF 13-TAGGTTTTTAMAKKCAGAC STREME-13
letter-probability matrix: alength= 4 w= 19 nsites= 15 E= 1.5e+001
 0.000936 0.140607 0.000602 0.857855
 0.787852 0.000602 0.000602 0.210945
 0.000936 0.000602 0.778939 0.219524
 0.000936 0.000602 0.717514 0.280948
 0.070939 0.000602 0.000602 0.927858
 0.210945 0.000602 0.000602 0.787852
 0.070939 0.000602 0.000602 0.927858
 0.000936 0.140607 0.070605 0.787852
 0.000936 0.000602 0.000602 0.997861
 0.787852 0.140607 0.000602 0.070939
 0.627350 0.371112 0.000602 0.000936
 0.907362 0.000602 0.000602 0.091435
 0.140942 0.070605 0.429198 0.359256
 0.000936 0.070605 0.338699 0.589761
 0.161438 0.697018 0.000602 0.140942
 0.997861 0.000602 0.000602 0.000936
 0.000936 0.161104 0.767021 0.070939
 0.659764 0.268696 0.000602 0.070939
 0.000936 0.997526 0.000602 0.000936

MOTIF 14-AAAGTATCAAGATC STREME-14
letter-probability matrix: alength= 4 w= 14 nsites= 14 E= 1.5e+001
 0.839696 0.079624 0.000678 0.080001
 0.997587 0.000678 0.000678 0.001056
 0.997587 0.000678 0.000678 0.001056
 0.001056 0.000678 0.997210 0.001056
 0.066856 0.000678 0.079624 0.852841
 0.918642 0.000678 0.079624 0.001056
 0.080001 0.079624 0.000678 0.839696
 0.001056 0.931409 0.000678 0.066856
 0.997587 0.000678 0.000678 0.001056
 0.997587 0.000678 0.000678 0.001056
 0.001056 0.145130 0.605953 0.247862
 0.816582 0.102738 0.000678 0.080001
 0.211307 0.000678 0.145425 0.642590
 0.145802 0.694573 0.000678 0.158947

MOTIF 15-CGCGTCCCTTTA STREME-15
letter-probability matrix: alength= 4 w= 12 nsites= 9 E= 1.5e+001
 0.001800 0.995244 0.001156 0.001800
 0.001800 0.001156 0.995244 0.001800
 0.270946 0.726098 0.001156 0.001800
 0.001800 0.001156 0.995244 0.001800
 0.001800 0.001156 0.001156 0.995887
 0.270946 0.726098 0.001156 0.001800
 0.001800 0.995244 0.001156 0.001800
 0.136373 0.860671 0.001156 0.001800
 0.001800 0.001156 0.001156 0.995887
 0.136373 0.001156 0.001156 0.861314
 0.001800 0.001156 0.270303 0.726741
 0.995887 0.001156 0.001156 0.001800

MOTIF 16-ATAAAAGWCAAACA STREME-16
letter-probability matrix: alength= 4 w= 14 nsites= 9 E= 1.5e+001
 0.995195 0.001351 0.001351 0.002103
 0.002103 0.001351 0.001351 0.995195
 0.995195 0.001351 0.001351 0.002103
 0.995195 0.001351 0.001351 0.002103
 0.995195 0.001351 0.001351 0.002103
 0.995195 0.001351 0.001351 0.002103
 0.002103 0.001351 0.994444 0.002103
 0.662106 0.001351 0.001351 0.335192
 0.002103 0.994444 0.001351 0.002103
 0.995195 0.001351 0.001351 0.002103
 0.837977 0.001351 0.158570 0.002103
 0.837977 0.158570 0.001351 0.002103
 0.002103 0.994444 0.001351 0.002103
 0.995195 0.001351 0.001351 0.002103

MOTIF 17-AAARCAGCTGTAA STREME-17
letter-probability matrix: alength= 4 w= 13 nsites= 7 E= 1.5e+001
 0.995123 0.001371 0.001371 0.002134
 0.995123 0.001371 0.001371 0.002134
 0.995123 0.001371 0.001371 0.002134
 0.543566 0.160946 0.293354 0.002134
 0.002134 0.994361 0.001371 0.002134
 0.995123 0.001371 0.001371 0.002134
 0.002134 0.001371 0.994361 0.002134
 0.002134 0.994361 0.001371 0.002134
 0.002134 0.001371 0.160946 0.835549
 0.002134 0.001371 0.994361 0.002134
 0.002134 0.001371 0.001371 0.995123
 0.995123 0.001371 0.001371 0.002134
 0.905248 0.001371 0.091246 0.002134

MOTIF 18-AACAATAGC STREME-18
letter-probability matrix: alength= 4 w= 9 nsites= 140 E= 1.7e+001
 0.907464 0.028507 0.055303 0.008726
 0.949921 0.011470 0.029883 0.008726
 0.000794 0.922148 0.024071 0.052987
 0.984162 0.000510 0.004072 0.011255
 0.910543 0.050641 0.003683 0.035133
 0.077143 0.060563 0.016867 0.845427
 0.932450 0.001672 0.004390 0.061488
 0.038351 0.020008 0.902335 0.039306
 0.035958 0.738260 0.149977 0.075805

MOTIF 19-AATCTTTTCAT STREME-19
letter-probability matrix: alength= 4 w= 11 nsites= 15 E= 2.0e+001
 0.976651 0.000841 0.000841 0.021667
 0.997009 0.000841 0.000841 0.001309
 0.001309 0.000841 0.000841 0.997009
 0.001309 0.996541 0.000841 0.001309
 0.021667 0.038321 0.041786 0.898226
 0.001309 0.041786 0.154344 0.802561
 0.046243 0.041786 0.000841 0.911130
 0.120204 0.145659 0.000841 0.733296
 0.001309 0.996541 0.000841 0.001309
 0.997009 0.000841 0.000841 0.001309
 0.001309 0.000841 0.000841 0.997009

MOTIF 20-TGACAACAACAAS STREME-20
letter-probability matrix: alength= 4 w= 13 nsites= 9 E= 2.0e+001
 0.001980 0.001272 0.001272 0.995476
 0.001980 0.124658 0.871383 0.001980
 0.804099 0.001272 0.192650 0.001980
 0.001980 0.994768 0.001272 0.001980
 0.995476 0.001272 0.001272 0.001980
 0.995476 0.001272 0.001272 0.001980
 0.001980 0.994768 0.001272 0.001980
 0.995476 0.001272 0.001272 0.001980
 0.995476 0.001272 0.001272 0.001980
 0.001980 0.994768 0.001272 0.001980
 0.995476 0.001272 0.001272 0.001980
 0.995476 0.001272 0.001272 0.001980
 0.001980 0.354625 0.641415 0.001980

MOTIF 21-CTTTTTCTAA STREME-21
letter-probability matrix: alength= 4 w= 10 nsites= 13 E= 2.4e+001
 0.027673 0.926873 0.017782 0.027673
 0.027673 0.017782 0.017782 0.936764
 0.027673 0.017782 0.017782 0.936764
 0.027673 0.017782 0.017782 0.936764
 0.027673 0.017782 0.017782 0.936764
 0.027673 0.017782 0.017782 0.936764
 0.027673 0.926873 0.017782 0.027673
 0.027673 0.017782 0.017782 0.936764
 0.936764 0.017782 0.017782 0.027673
 0.936764 0.017782 0.017782 0.027673

MOTIF 22-AAACAAATTAAAGTGA STREME-22
letter-probability matrix: alength= 4 w= 16 nsites= 23 E= 2.8e+001
 0.998562 0.000404 0.000404 0.000629
 0.757336 0.039626 0.061239 0.141799
 0.810335 0.000404 0.188631 0.000629
 0.000629 0.904224 0.047461 0.047686
 0.904449 0.047461 0.000404 0.047686
 0.857392 0.047461 0.047461 0.047686
 0.882544 0.000404 0.000404 0.116648
 0.094743 0.047461 0.000404 0.857392
 0.047686 0.000404 0.000404 0.951505
 0.951505 0.000404 0.000404 0.047686
 0.904449 0.000404 0.000404 0.094743
 0.647260 0.086682 0.047461 0.218596
 0.155577 0.000404 0.749276 0.094743
 0.188856 0.047461 0.047461 0.716222
 0.163704 0.047461 0.741149 0.047686
 0.890671 0.061239 0.047461 0.000629

MOTIF 23-ACTTCCTG STREME-23
letter-probability matrix: alength= 4 w= 8 nsites= 35 E= 2.9e+001
 0.936764 0.017782 0.017782 0.027673
 0.027673 0.926873 0.017782 0.027673
 0.027673 0.017782 0.017782 0.936764
 0.027673 0.017782 0.017782 0.936764
 0.027673 0.926873 0.017782 0.027673
 0.027673 0.926873 0.017782 0.027673
 0.027673 0.017782 0.017782 0.936764
 0.027673 0.017782 0.926873 0.027673

MOTIF 24-CTGTCATCATT STREME-24
letter-probability matrix: alength= 4 w= 11 nsites= 28 E= 3.2e+001
 0.000727 0.982985 0.000467 0.015820
 0.000727 0.073898 0.084852 0.840522
 0.094165 0.000467 0.904641 0.000727
 0.142912 0.000467 0.000467 0.856153
 0.049591 0.931582 0.000467 0.018359
 0.830538 0.045782 0.088592 0.035088
 0.000727 0.000467 0.000467 0.998338
 0.000727 0.911317 0.052868 0.035088
 0.958135 0.000467 0.000467 0.040930
 0.072812 0.031088 0.025429 0.870672
 0.164442 0.054835 0.039537 0.741186

MOTIF 25-AACGGGATTTMATTA STREME-25
letter-probability matrix: alength= 4 w= 15 nsites= 25 E= 3.6e+001
 0.828912 0.087868 0.082670 0.000550
 0.739742 0.082670 0.177037 0.000550
 0.041709 0.957387 0.000354 0.000550
 0.000550 0.000354 0.916229 0.082867
 0.034856 0.000354 0.964240 0.000550
 0.082867 0.000354 0.780704 0.136076
 0.834109 0.082670 0.000354 0.082867
 0.000550 0.000354 0.082670 0.916426
 0.076014 0.082670 0.000354 0.840963
 0.082867 0.000354 0.041512 0.875268
 0.305906 0.569715 0.041512 0.082867
 0.698584 0.164986 0.041512 0.094918
 0.177234 0.199292 0.082670 0.540804
 0.041709 0.116975 0.000354 0.840963
 0.552855 0.240450 0.123828 0.082867

MOTIF 26-ACGTAACAATAAA STREME-26
letter-probability matrix: alength= 4 w= 13 nsites= 27 E= 3.6e+001
 0.699778 0.141497 0.067841 0.090884
 0.000493 0.937306 0.031013 0.031189
 0.000493 0.000316 0.998698 0.000493
 0.000493 0.000316 0.037145 0.962046
 0.787396 0.031013 0.181099 0.000493
 0.998875 0.000316 0.000316 0.000493
 0.060597 0.878899 0.060012 0.000493
 0.931350 0.000316 0.000316 0.068017
 0.726735 0.037145 0.090708 0.145413
 0.248717 0.031013 0.061709 0.658561
 0.736426 0.189109 0.037145 0.037321
 0.820865 0.037145 0.104669 0.037321
 0.887969 0.026782 0.000316 0.084932

MOTIF 27-CTTTWTGTC STREME-27
letter-probability matrix: alength= 4 w= 9 nsites= 57 E= 3.7e+001
 0.001380 0.996354 0.000887 0.001380
 0.001380 0.000887 0.000887 0.996847
 0.199097 0.100583 0.000887 0.699434
 0.015811 0.000887 0.000887 0.982416
 0.478699 0.000887 0.000887 0.519528
 0.270039 0.000887 0.071856 0.657218
 0.001380 0.000887 0.996354 0.001380
 0.001380 0.000887 0.000887 0.996847
 0.001380 0.996354 0.000887 0.001380

MOTIF 28-GACGCAGATAATT STREME-28
letter-probability matrix: alength= 4 w= 13 nsites= 15 E= 4.0e+001
 0.000982 0.000631 0.997406 0.000982
 0.789788 0.074027 0.000631 0.135554
 0.000982 0.789437 0.061806 0.147775
 0.000982 0.074027 0.924010 0.000982
 0.000982 0.924010 0.074027 0.000982
 0.829474 0.000631 0.095517 0.074378
 0.000982 0.000631 0.850613 0.147775
 0.841695 0.061806 0.095517 0.000982
 0.000982 0.000631 0.074027 0.924360
 0.924360 0.000631 0.074027 0.000982
 0.716392 0.147424 0.061806 0.074378
 0.074378 0.000631 0.000631 0.924360
 0.000982 0.000631 0.000631 0.997757

MOTIF 29-AAAGCAGTAYT STREME-29
letter-probability matrix: alength= 4 w= 11 nsites= 20 E= 4.0e+001
 0.914853 0.000710 0.083332 0.001105
 0.914853 0.083332 0.000710 0.001105
 0.653781 0.060084 0.060084 0.226050
 0.001105 0.000710 0.997080 0.001105
 0.001105 0.917447 0.000710 0.080738
 0.997475 0.000710 0.000710 0.001105
 0.001105 0.000710 0.997080 0.001105
 0.001105 0.000710 0.000710 0.997475
 0.997475 0.000710 0.000710 0.001105
 0.196319 0.312073 0.000710 0.490898
 0.001105 0.000710 0.000710 0.997475

MOTIF 30-AGTGTCAGA STREME-30
letter-probability matrix: alength= 4 w= 9 nsites= 39 E= 4.7e+001
 0.850345 0.033653 0.114903 0.001099
 0.001099 0.000706 0.997095 0.001099
 0.051707 0.069613 0.031537 0.847144
 0.033160 0.000706 0.965035 0.001099
 0.034754 0.035389 0.006582 0.923275
 0.001099 0.973583 0.000706 0.024612
 0.774372 0.081401 0.103983 0.040244
 0.001099 0.000706 0.987075 0.011119
 0.716443 0.150812 0.057247 0.075499

MOTIF 31-ATATTGGGGK STREME-31
letter-probability matrix: alength= 4 w= 10 nsites= 13 E= 5.2e+001
 0.996730 0.000919 0.000919 0.001431
 0.001431 0.000919 0.000919 0.996730
 0.996730 0.000919 0.000919 0.001431
 0.112365 0.000919 0.000919 0.885796
 0.090606 0.000919 0.203992 0.704482
 0.001431 0.000919 0.996219 0.001431
 0.001431 0.000919 0.996219 0.001431
 0.001431 0.000919 0.996219 0.001431
 0.001431 0.000919 0.996219 0.001431
 0.169239 0.077805 0.280725 0.472231

MOTIF 32-GCATTTCCAATCCA STREME-32
letter-probability matrix: alength= 4 w= 14 nsites= 34 E= 5.5e+001
 0.071075 0.000215 0.928376 0.000334
 0.148842 0.722719 0.095829 0.032610
 0.835036 0.025181 0.000215 0.139569
 0.025300 0.025181 0.021024 0.928496
 0.025300 0.000215 0.206058 0.768427
 0.082542 0.025181 0.000215 0.892063
 0.025300 0.903410 0.025181 0.046109
 0.194809 0.804643 0.000215 0.000334
 0.748577 0.000215 0.115581 0.135627
 0.800703 0.000215 0.123850 0.075232
 0.000334 0.025181 0.103232 0.871253
 0.000334 0.654968 0.186322 0.158376
 0.178156 0.775520 0.025181 0.021143
 0.720708 0.137447 0.025181 0.116664

MOTIF 33-ACGCCCAA STREME-33
letter-probability matrix: alength= 4 w= 8 nsites= 55 E= 6.6e+001
 0.837294 0.098266 0.000900 0.063541
 0.001401 0.996297 0.000900 0.001401
 0.001401 0.000900 0.996297 0.001401
 0.118123 0.879575 0.000900 0.001401
 0.001401 0.996297 0.000900 0.001401
 0.001401 0.941003 0.000900 0.056695
 0.708351 0.089360 0.020239 0.182050
 0.849236 0.023344 0.106680 0.020740

MOTIF 34-CTGCCAAA STREME-34
letter-probability matrix: alength= 4 w= 8 nsites= 77 E= 9.4e+001
 0.027673 0.926873 0.017782 0.027673
 0.027673 0.017782 0.017782 0.936764
 0.027673 0.017782 0.926873 0.027673
 0.027673 0.926873 0.017782 0.027673
 0.027673 0.926873 0.017782 0.027673
 0.936764 0.017782 0.017782 0.027673
 0.936764 0.017782 0.017782 0.027673
 0.936764 0.017782 0.017782 0.027673

MOTIF 35-AGCTCAAATTKATAGY STREME-35
letter-probability matrix: alength= 4 w= 16 nsites= 17 E= 1.0e+002
 0.900318 0.000422 0.000422 0.098838
 0.049747 0.000422 0.900084 0.049747
 0.000657 0.908258 0.049513 0.041573
 0.000657 0.000422 0.000422 0.998500
 0.090481 0.908441 0.000422 0.000657
 0.900318 0.000422 0.049513 0.049747
 0.949409 0.049513 0.000422 0.000657
 0.998500 0.000422 0.000422 0.000657
 0.000657 0.049513 0.000422 0.949409
 0.188662 0.000422 0.188611 0.622305
 0.139755 0.090429 0.286609 0.483207
 0.703955 0.147694 0.147694 0.000657
 0.000657 0.000422 0.000422 0.998500
 0.663038 0.147694 0.000422 0.188846
 0.188846 0.000422 0.572980 0.237753
 0.098838 0.368443 0.049513 0.483207

MOTIF 36-CCTATAGAGSCCCWGC STREME-36
letter-probability matrix: alength= 4 w= 16 nsites= 16 E= 1.0e+002
 0.000832 0.997801 0.000535 0.000832
 0.000832 0.873335 0.125001 0.000832
 0.063065 0.187234 0.000535 0.749166
 0.935865 0.000535 0.062768 0.000832
 0.000832 0.000535 0.062768 0.935865
 0.697528 0.062768 0.000535 0.239170
 0.000832 0.000535 0.792880 0.205753
 0.998098 0.000535 0.000535 0.000832
 0.143520 0.000535 0.730647 0.125298
 0.125298 0.319326 0.554543 0.000832
 0.063065 0.811102 0.062768 0.063065
 0.081287 0.741242 0.176639 0.000832
 0.249764 0.624402 0.062768 0.063065
 0.624700 0.000535 0.000535 0.374231
 0.000832 0.125001 0.811102 0.063065
 0.000832 0.811102 0.062768 0.125298

MOTIF 37-TATCAAAAAYAAC STREME-37
letter-probability matrix: alength= 4 w= 13 nsites= 21 E= 1.0e+002
 0.000584 0.031749 0.000375 0.967292
 0.998666 0.000375 0.000375 0.000584
 0.068347 0.000375 0.000375 0.930903
 0.000584 0.998457 0.000375 0.000584
 0.998666 0.000375 0.000375 0.000584
 0.797172 0.000375 0.158211 0.044242
 0.786661 0.000375 0.044033 0.168930
 0.998666 0.000375 0.000375 0.000584
 0.911349 0.087692 0.000375 0.000584
 0.000584 0.659492 0.000375 0.339549
 0.582095 0.000375 0.280457 0.137072
 0.911349 0.000375 0.044033 0.044242
 0.025173 0.661764 0.000375 0.312688

MOTIF 38-AGGGAAGTTATTTTCTTC STREME-38
letter-probability matrix: alength= 4 w= 18 nsites= 13 E= 1.0e+002
 0.925243 0.000623 0.000623 0.073510
 0.000970 0.073164 0.779816 0.146050
 0.073510 0.000623 0.831117 0.094749
 0.000970 0.000623 0.924896 0.073510
 0.780163 0.073164 0.145704 0.000970
 0.925243 0.000623 0.000623 0.073510
 0.000970 0.000623 0.997436 0.000970
 0.000970 0.000623 0.073164 0.925243
 0.000970 0.145704 0.000623 0.852703
 0.852703 0.073164 0.000623 0.073510
 0.000970 0.166943 0.000623 0.831464
 0.146050 0.061085 0.094403 0.698462
 0.000970 0.166943 0.073164 0.758924
 0.146050 0.061085 0.073164 0.719701
 0.073510 0.646814 0.218244 0.061432
 0.000970 0.000623 0.000623 0.997783
 0.073510 0.133625 0.145704 0.647161
 0.000970 0.852356 0.000623 0.146050

MOTIF 39-AACGAAGCTAAGAATATCAC STREME-39
letter-probability matrix: alength= 4 w= 20 nsites= 13 E= 1.0e+002
 0.997817 0.000614 0.000614 0.000955
 0.926388 0.000614 0.072043 0.000955
 0.000955 0.997476 0.000614 0.000955
 0.000955 0.000614 0.783190 0.215241
 0.703082 0.295349 0.000614 0.000955
 0.703082 0.235814 0.060149 0.000955
 0.000955 0.000614 0.997476 0.000955
 0.000955 0.854618 0.000614 0.143813
 0.072384 0.143471 0.000614 0.783531
 0.866853 0.131578 0.000614 0.000955
 0.619760 0.214900 0.164385 0.000955
 0.164726 0.143471 0.690847 0.000955
 0.783531 0.072043 0.143471 0.000955
 0.795424 0.203007 0.000614 0.000955
 0.215241 0.000614 0.000614 0.783531
 0.783531 0.072043 0.072043 0.072384
 0.215241 0.060149 0.000614 0.723996
 0.224262 0.488454 0.072043 0.215241
 0.619760 0.092956 0.072043 0.215241
 0.143813 0.783190 0.000614 0.072384

MOTIF 40-AAGAGAAGCAACCT STREME-40
letter-probability matrix: alength= 4 w= 14 nsites= 13 E= 1.0e+002
 0.786475 0.211753 0.000694 0.001079
 0.916831 0.000694 0.081397 0.001079
 0.001079 0.000694 0.997148 0.001079
 0.769164 0.000694 0.000694 0.229449
 0.001079 0.000694 0.997148 0.001079
 0.916831 0.000694 0.000694 0.081782
 0.997534 0.000694 0.000694 0.001079
 0.001079 0.000694 0.786089 0.212138
 0.001079 0.916445 0.000694 0.081782
 0.688460 0.000694 0.229064 0.081782
 0.997534 0.000694 0.000694 0.001079
 0.001079 0.768778 0.000694 0.229449
 0.001079 0.762935 0.000694 0.235292
 0.001079 0.000694 0.000694 0.997534

MOTIF 41-GAAAAAAAAGAGCTTKTAAWGA STREME-41
letter-probability matrix: alength= 4 w= 22 nsites= 11 E= 1.0e+002
 0.160587 0.000685 0.837661 0.001067
 0.997562 0.000685 0.000685 0.001067
 0.711575 0.000685 0.000685 0.287054
 0.997562 0.000685 0.000685 0.001067
 0.894449 0.103799 0.000685 0.001067
 0.917802 0.000685 0.000685 0.080827
 0.838042 0.000685 0.000685 0.160587
 0.917802 0.000685 0.080446 0.001067
 0.608462 0.206912 0.183559 0.001067
 0.001067 0.000685 0.837661 0.160587
 0.814689 0.183559 0.000685 0.001067
 0.001067 0.000685 0.837661 0.160587
 0.080827 0.837661 0.000685 0.080827
 0.080827 0.000685 0.160206 0.758281
 0.080827 0.103799 0.080446 0.734928
 0.001067 0.160206 0.286673 0.552055
 0.001067 0.080446 0.000685 0.917802
 0.711575 0.206912 0.000685 0.080827
 0.917802 0.080446 0.000685 0.001067
 0.608462 0.080446 0.000685 0.310407
 0.001067 0.080446 0.837661 0.080827
 0.528702 0.080446 0.183559 0.207294

MOTIF 42-CTGATTGAAACACC STREME-42
letter-probability matrix: alength= 4 w= 14 nsites= 11 E= 1.0e+002
 0.093490 0.904484 0.000793 0.001234
 0.001234 0.000793 0.000793 0.997181
 0.001234 0.000793 0.996740 0.001234
 0.828375 0.000793 0.000793 0.170040
 0.001234 0.000793 0.093049 0.904925
 0.001234 0.000793 0.000793 0.997181
 0.001234 0.000793 0.904484 0.093490
 0.997181 0.000793 0.000793 0.001234
 0.904925 0.093049 0.000793 0.001234
 0.997181 0.000793 0.000793 0.001234
 0.001234 0.827934 0.000793 0.170040
 0.785657 0.000793 0.000793 0.212757
 0.001234 0.665949 0.120060 0.212757
 0.001234 0.996740 0.000793 0.001234

MOTIF 43-MATRTCGAYATK STREME-43
letter-probability matrix: alength= 4 w= 12 nsites= 25 E= 1.0e+002
 0.370863 0.479946 0.061737 0.087454
 0.804797 0.000372 0.122940 0.071891
 0.000579 0.080906 0.000372 0.918142
 0.499976 0.000372 0.499072 0.000579
 0.000579 0.279725 0.000372 0.719323
 0.000579 0.998469 0.000372 0.000579
 0.000579 0.000372 0.998469 0.000579
 0.719323 0.000372 0.279725 0.000579
 0.000579 0.499072 0.000372 0.499976
 0.918142 0.000372 0.080906 0.000579
 0.071891 0.122940 0.000372 0.804797
 0.087454 0.061737 0.479946 0.370863

MOTIF 44-ACGTTACTTGTTG STREME-44
letter-probability matrix: alength= 4 w= 13 nsites= 16 E= 1.0e+002
 0.998065 0.000544 0.000544 0.000847
 0.000847 0.834087 0.164220 0.000847
 0.127453 0.000544 0.871156 0.000847
 0.000847 0.164220 0.000544 0.834390
 0.053609 0.000544 0.053307 0.892540
 0.945303 0.000544 0.000544 0.053609
 0.064150 0.871156 0.000544 0.064150
 0.116913 0.063847 0.000544 0.818696
 0.116913 0.063847 0.127150 0.692090
 0.064150 0.000544 0.871156 0.064150
 0.053609 0.179913 0.053307 0.713170
 0.053609 0.000544 0.000544 0.945303
 0.000847 0.000544 0.997763 0.000847

MOTIF 45-AACGCGTGATTCA STREME-45
letter-probability matrix: alength= 4 w= 13 nsites= 25 E= 1.0e+002
 0.827924 0.043060 0.085752 0.043264
 0.756756 0.164029 0.000367 0.078848
 0.223229 0.775833 0.000367 0.000571
 0.121381 0.000367 0.804308 0.073944
 0.000571 0.943298 0.055560 0.000571
 0.000571 0.035951 0.962907 0.000571
 0.000571 0.121337 0.000367 0.877726
 0.000571 0.000367 0.998491 0.000571
 0.842142 0.071535 0.085752 0.000571
 0.000571 0.172712 0.000367 0.826350
 0.112369 0.000367 0.087326 0.799938
 0.099869 0.683426 0.180550 0.036155
 0.724444 0.000367 0.130019 0.145170

MOTIF 46-GGTAACACAACTC STREME-46
letter-probability matrix: alength= 4 w= 13 nsites= 12 E= 1.0e+002
 0.000994 0.000639 0.997372 0.000994
 0.149707 0.000639 0.848659 0.000994
 0.000994 0.000639 0.000639 0.997728
 0.997728 0.000639 0.000639 0.000994
 0.935752 0.000639 0.000639 0.062970
 0.211405 0.786961 0.000639 0.000994
 0.935752 0.000639 0.062615 0.000994
 0.000994 0.848659 0.074996 0.075351
 0.997728 0.000639 0.000639 0.000994
 0.861673 0.000639 0.000639 0.137049
 0.000994 0.678175 0.074996 0.245835
 0.307811 0.000639 0.062615 0.628936
 0.000994 0.826888 0.171123 0.000994

MOTIF 47-AATCACACTGACTGAS STREME-47
letter-probability matrix: alength= 4 w= 16 nsites= 13 E= 1.0e+002
 0.921108 0.000658 0.077210 0.001024
 0.997661 0.000658 0.000658 0.001024
 0.099990 0.000658 0.000658 0.898695
 0.253094 0.745225 0.000658 0.001024
 0.997661 0.000658 0.000658 0.001024
 0.001024 0.722811 0.000658 0.275507
 0.997661 0.000658 0.000658 0.001024
 0.230680 0.767638 0.000658 0.001024
 0.001024 0.000658 0.000658 0.997661
 0.077576 0.099624 0.745225 0.077576
 0.799729 0.000658 0.198589 0.001024
 0.253094 0.745225 0.000658 0.001024
 0.001024 0.317637 0.000658 0.680682
 0.001024 0.000658 0.767638 0.230680
 0.680682 0.241085 0.000658 0.077576
 0.198955 0.482384 0.317637 0.001024

MOTIF 48-GACCCTGCCRAT STREME-48
letter-probability matrix: alength= 4 w= 12 nsites= 13 E= 1.0e+002
 0.001097 0.000705 0.856186 0.142013
 0.997494 0.000705 0.000705 0.001097
 0.001097 0.915109 0.000705 0.083090
 0.001097 0.997102 0.000705 0.001097
 0.001097 0.997102 0.000705 0.001097
 0.083090 0.000705 0.000705 0.915500
 0.001097 0.000705 0.833115 0.165084
 0.107097 0.891102 0.000705 0.001097
 0.001097 0.997102 0.000705 0.001097
 0.481525 0.082698 0.352687 0.083090
 0.517066 0.223615 0.258222 0.001097
 0.083090 0.000705 0.258222 0.657983

MOTIF 49-ATCTCGTTTAGCWRW STREME-49
letter-probability matrix: alength= 4 w= 15 nsites= 10 E= 1.0e+002
 0.877875 0.000793 0.000793 0.120539
 0.185804 0.000793 0.000793 0.812610
 0.001234 0.904454 0.093078 0.001234
 0.212824 0.000793 0.000793 0.785590
 0.001234 0.996739 0.000793 0.001234
 0.001234 0.000793 0.996739 0.001234
 0.001234 0.000793 0.000793 0.997180
 0.001234 0.000793 0.304668 0.693305
 0.001234 0.000793 0.000793 0.997180
 0.997180 0.000793 0.000793 0.001234
 0.001234 0.000793 0.996739 0.001234
 0.001234 0.785148 0.000793 0.212824
 0.608984 0.000793 0.000793 0.389430
 0.362409 0.000793 0.635563 0.001234
 0.335389 0.000793 0.000793 0.663025

MOTIF 50-ATTAATCGTGGCT STREME-50
letter-probability matrix: alength= 4 w= 13 nsites= 13 E= 1.0e+002
 0.997618 0.000670 0.000670 0.001042
 0.234874 0.078614 0.000670 0.685842
 0.001042 0.000670 0.000670 0.997618
 0.997618 0.000670 0.000670 0.001042
 0.997618 0.000670 0.000670 0.001042
 0.001042 0.000670 0.065636 0.932652
 0.001042 0.776683 0.000670 0.221605
 0.001042 0.000670 0.841357 0.156930
 0.156930 0.000670 0.000670 0.841730
 0.156930 0.000670 0.841357 0.001042
 0.001042 0.000670 0.997245 0.001042
 0.143661 0.776683 0.078614 0.001042
 0.143661 0.000670 0.000670 0.855000

MOTIF 51-TATCGCGCAACCA STREME-51
letter-probability matrix: alength= 4 w= 13 nsites= 17 E= 1.0e+002
 0.042898 0.000364 0.120152 0.836587
 0.781702 0.055090 0.120310 0.042898
 0.042898 0.000364 0.042695 0.914043
 0.055292 0.746375 0.162484 0.035849
 0.155796 0.000364 0.765660 0.078181
 0.000566 0.956172 0.000364 0.042898
 0.000566 0.000364 0.816783 0.182287
 0.000566 0.913841 0.000364 0.085229
 0.788751 0.000364 0.035647 0.175238
 0.836428 0.000364 0.120310 0.042898
 0.000566 0.836384 0.042695 0.120354
 0.205018 0.492544 0.139753 0.162686
 0.674150 0.085027 0.240257 0.000566

MOTIF 52-AAACTATATCTTCWST STREME-52
letter-probability matrix: alength= 4 w= 16 nsites= 10 E= 1.0e+002
 0.996957 0.000856 0.000856 0.001332
 0.996957 0.000856 0.000856 0.001332
 0.996957 0.000856 0.000856 0.001332
 0.200457 0.797356 0.000856 0.001332
 0.001332 0.000856 0.000856 0.996957
 0.897395 0.000856 0.100418 0.001332
 0.001332 0.000856 0.000856 0.996957
 0.797832 0.199981 0.000856 0.001332
 0.001332 0.000856 0.000856 0.996957
 0.001332 0.996481 0.000856 0.001332
 0.300019 0.000856 0.000856 0.698270
 0.100894 0.100418 0.000856 0.797832
 0.200457 0.697794 0.100418 0.001332
 0.300019 0.000856 0.199981 0.499144
 0.100894 0.498668 0.399106 0.001332
 0.100894 0.100418 0.000856 0.797832

MOTIF 53-GATTACAGAGCTTTTT STREME-53
letter-probability matrix: alength= 4 w= 16 nsites= 10 E= 1.0e+002
 0.175641 0.000750 0.735206 0.088404
 0.997334 0.000750 0.000750 0.001167
 0.001167 0.175224 0.087987 0.735623
 0.088404 0.000750 0.000750 0.910097
 0.910097 0.087987 0.000750 0.001167
 0.001167 0.909680 0.000750 0.088404
 0.837385 0.000750 0.000750 0.161115
 0.001167 0.000750 0.996917 0.001167
 0.997334 0.000750 0.000750 0.001167
 0.001167 0.000750 0.996917 0.001167
 0.001167 0.796901 0.113529 0.088404
 0.088404 0.226308 0.087987 0.597301
 0.001167 0.000750 0.087987 0.910097
 0.201183 0.000750 0.000750 0.797318
 0.248353 0.000750 0.113529 0.637369
 0.001167 0.000750 0.000750 0.997334

MOTIF 54-TACAAGCAGCTCCAAAGC STREME-54
letter-probability matrix: alength= 4 w= 18 nsites= 10 E= 1.0e+002
 0.001257 0.000808 0.000808 0.997127
 0.903103 0.000808 0.000808 0.095281
 0.095281 0.902653 0.000808 0.001257
 0.903103 0.000808 0.094832 0.001257
 0.997127 0.000808 0.000808 0.001257
 0.095281 0.147788 0.677305 0.079626
 0.001257 0.996677 0.000808 0.001257
 0.997127 0.000808 0.000808 0.001257
 0.189305 0.053764 0.755673 0.001257
 0.189305 0.499028 0.216385 0.095281
 0.079626 0.000808 0.000808 0.918758
 0.201179 0.608708 0.094832 0.095281
 0.054213 0.822168 0.000808 0.122811
 0.781549 0.122361 0.094832 0.001257
 0.903103 0.094832 0.000808 0.001257
 0.903103 0.094832 0.000808 0.001257
 0.132582 0.000808 0.771329 0.095281
 0.189305 0.714605 0.094832 0.001257

MOTIF 55-AAACGGTGGGAAG STREME-55
letter-probability matrix: alength= 4 w= 13 nsites= 9 E= 1.0e+002
 0.996967 0.000853 0.000853 0.001327
 0.996967 0.000853 0.000853 0.001327
 0.641061 0.100113 0.000853 0.257973
 0.001327 0.996492 0.000853 0.001327
 0.001327 0.000853 0.897232 0.100588
 0.311272 0.000853 0.686547 0.001327
 0.001327 0.000853 0.000853 0.996967
 0.001327 0.000853 0.996492 0.001327
 0.001327 0.000853 0.996492 0.001327
 0.001327 0.129176 0.868169 0.001327
 0.897706 0.000853 0.100113 0.001327
 0.815344 0.000853 0.000853 0.182950
 0.001327 0.000853 0.736901 0.260918

MOTIF 56-CACGGCTTAAAAGATW STREME-56
letter-probability matrix: alength= 4 w= 16 nsites= 11 E= 1.0e+002
 0.001282 0.996612 0.000824 0.001282
 0.997070 0.000824 0.000824 0.001282
 0.001282 0.804874 0.000824 0.193020
 0.001282 0.000824 0.996612 0.001282
 0.001282 0.096693 0.900743 0.001282
 0.001282 0.996612 0.000824 0.001282
 0.001282 0.096693 0.000824 0.901201
 0.097151 0.192562 0.000824 0.709463
 0.805332 0.096693 0.096693 0.001282
 0.901201 0.000824 0.000824 0.097151
 0.901201 0.096693 0.000824 0.001282
 0.901201 0.096693 0.000824 0.001282
 0.193020 0.096693 0.709005 0.001282
 0.709463 0.192562 0.000824 0.097151
 0.230118 0.096693 0.000824 0.672365
 0.421856 0.000824 0.096693 0.480627

MOTIF 57-TCTTCATTTSTCAACC STREME-57
letter-probability matrix: alength= 4 w= 16 nsites= 10 E= 1.0e+002
 0.105987 0.000899 0.000899 0.892216
 0.001399 0.996304 0.000899 0.001399
 0.001399 0.000899 0.000899 0.996804
 0.001399 0.000899 0.000899 0.996804
 0.001399 0.692774 0.000899 0.304929
 0.996804 0.000899 0.000899 0.001399
 0.001399 0.105487 0.000899 0.892216
 0.001399 0.000899 0.000899 0.996804
 0.001399 0.000899 0.000899 0.996804
 0.001399 0.409017 0.588186 0.001399
 0.001399 0.000899 0.000899 0.996804
 0.001399 0.996304 0.000899 0.001399
 0.693274 0.304429 0.000899 0.001399
 0.892216 0.000899 0.000899 0.105987
 0.001399 0.682540 0.210074 0.105987
 0.001399 0.891716 0.000899 0.105987

MOTIF 58-AAGGGAAGATTTTTTA STREME-58
letter-probability matrix: alength= 4 w= 16 nsites= 12 E= 1.0e+002
 0.997357 0.000743 0.000743 0.001157
 0.997357 0.000743 0.000743 0.001157
 0.001157 0.000743 0.910448 0.087652
 0.001157 0.000743 0.996943 0.001157
 0.087652 0.087238 0.823953 0.001157
 0.910861 0.000743 0.000743 0.087652
 0.997357 0.000743 0.000743 0.001157
 0.001157 0.000743 0.910448 0.087652
 0.746334 0.000743 0.251766 0.001157
 0.174147 0.000743 0.251766 0.573344
 0.001157 0.087238 0.087238 0.824366
 0.001157 0.087238 0.000743 0.910861
 0.087652 0.087238 0.000743 0.824366
 0.001157 0.251766 0.000743 0.746334
 0.087652 0.000743 0.000743 0.910861
 0.910861 0.000743 0.000743 0.087652

MOTIF 59-TAAWTCTGGTGAAAATCTTCADAC STREME-59
letter-probability matrix: alength= 4 w= 24 nsites= 9 E= 1.0e+002
 0.001429 0.000918 0.000918 0.996735
 0.996735 0.000918 0.000918 0.001429
 0.996735 0.000918 0.000918 0.001429
 0.663181 0.000918 0.000918 0.334983
 0.001429 0.107739 0.000918 0.889914
 0.001429 0.996225 0.000918 0.001429
 0.001429 0.107739 0.000918 0.889914
 0.001429 0.000918 0.800768 0.196886
 0.001429 0.107739 0.889404 0.001429
 0.139526 0.000918 0.000918 0.858638
 0.001429 0.196375 0.800768 0.001429
 0.996735 0.000918 0.000918 0.001429
 0.858638 0.139016 0.000918 0.001429
 0.720540 0.000918 0.277113 0.001429
 0.889914 0.107739 0.000918 0.001429
 0.001429 0.000918 0.000918 0.996735
 0.001429 0.996225 0.000918 0.001429
 0.001429 0.139016 0.196375 0.663181
 0.108250 0.000918 0.000918 0.889914
 0.001429 0.800768 0.196375 0.001429
 0.996735 0.000918 0.000918 0.001429
 0.246348 0.000918 0.310930 0.441805
 0.613719 0.245837 0.000918 0.139526
 0.196886 0.524573 0.139016 0.139526

MOTIF 60-AATTCCTAMAGGGGAM STREME-60
letter-probability matrix: alength= 4 w= 16 nsites= 10 E= 1.0e+002
 0.997078 0.000822 0.000822 0.001279
 0.901469 0.000822 0.000822 0.096888
 0.096888 0.000822 0.096431 0.805860
 0.001279 0.000822 0.124424 0.873476
 0.096888 0.901012 0.000822 0.001279
 0.001279 0.996621 0.000822 0.001279
 0.001279 0.000822 0.096431 0.901469
 0.901469 0.096431 0.000822 0.001279
 0.316099 0.586192 0.000822 0.096888
 0.901469 0.096431 0.000822 0.001279
 0.001279 0.000822 0.996621 0.001279
 0.001279 0.096431 0.709794 0.192497
 0.001279 0.000822 0.805403 0.192497
 0.096888 0.096431 0.709794 0.096888
 0.997078 0.000822 0.000822 0.001279
 0.507317 0.271372 0.000822 0.220490

MOTIF 61-ACGACTTTAAGA STREME-61
letter-probability matrix: alength= 4 w= 12 nsites= 10 E= 1.0e+002
 0.997117 0.000811 0.000811 0.001262
 0.001262 0.996666 0.000811 0.001262
 0.001262 0.000811 0.996666 0.001262
 0.929327 0.000811 0.068601 0.001262
 0.001262 0.996666 0.000811 0.001262
 0.174221 0.000811 0.122764 0.702204
 0.001262 0.000811 0.122764 0.875164
 0.001262 0.000811 0.000811 0.997117
 0.780831 0.000811 0.000811 0.217548
 0.997117 0.000811 0.000811 0.001262
 0.001262 0.095144 0.701753 0.201841
 0.635491 0.189477 0.000811 0.174221

MOTIF 62-GACAGTTGGAWCYGATA STREME-62
letter-probability matrix: alength= 4 w= 17 nsites= 10 E= 1.0e+002
 0.001315 0.000845 0.996524 0.001315
 0.996994 0.000845 0.000845 0.001315
 0.001315 0.996524 0.000845 0.001315
 0.996994 0.000845 0.000845 0.001315
 0.001315 0.099208 0.799799 0.099678
 0.198040 0.000845 0.000845 0.800269
 0.099678 0.000845 0.000845 0.898632
 0.001315 0.000845 0.701436 0.296403
 0.296403 0.000845 0.701436 0.001315
 0.996994 0.000845 0.000845 0.001315
 0.603544 0.000845 0.000845 0.394765
 0.001315 0.898161 0.099208 0.001315
 0.198040 0.377550 0.000845 0.423565
 0.325202 0.000845 0.672637 0.001315
 0.800269 0.099208 0.000845 0.099678
 0.099678 0.000845 0.000845 0.898632
 0.996994 0.000845 0.000845 0.001315

MOTIF 63-AATGCTCGSATGWYTATA STREME-63
letter-probability matrix: alength= 4 w= 18 nsites= 8 E= 1.0e+002
 0.996508 0.000982 0.000982 0.001528
 0.734537 0.262953 0.000982 0.001528
 0.115787 0.000982 0.000982 0.882249
 0.001528 0.000982 0.995962 0.001528
 0.001528 0.995962 0.000982 0.001528
 0.210594 0.000982 0.000982 0.787442
 0.001528 0.995962 0.000982 0.001528
 0.230046 0.000982 0.767444 0.001528
 0.149241 0.324306 0.524925 0.001528
 0.653732 0.229499 0.115241 0.001528
 0.230046 0.000982 0.000982 0.767991
 0.001528 0.000982 0.995962 0.001528
 0.525471 0.000982 0.000982 0.472565
 0.001528 0.558379 0.000982 0.439111
 0.115787 0.000982 0.000982 0.882249
 0.734537 0.000982 0.262953 0.001528
 0.001528 0.000982 0.000982 0.996508
 0.996508 0.000982 0.000982 0.001528

MOTIF 64-ATAAATCTGACTCA STREME-64
letter-probability matrix: alength= 4 w= 14 nsites= 11 E= 1.0e+002
 0.997498 0.000704 0.000704 0.001095
 0.188796 0.000704 0.082569 0.727931
 0.833766 0.082569 0.082569 0.001095
 0.833766 0.000704 0.000704 0.164827
 0.833766 0.000704 0.164435 0.001095
 0.001095 0.000704 0.000704 0.997498
 0.001095 0.997107 0.000704 0.001095
 0.001095 0.000704 0.000704 0.997498
 0.001095 0.106539 0.891271 0.001095
 0.915632 0.082569 0.000704 0.001095
 0.106930 0.645674 0.246301 0.001095
 0.082961 0.106539 0.082569 0.727931
 0.001095 0.997107 0.000704 0.001095
 0.997498 0.000704 0.000704 0.001095

MOTIF 65-ATAATCTGATGGGAAA STREME-65
letter-probability matrix: alength= 4 w= 16 nsites= 9 E= 1.0e+002
 0.996632 0.000947 0.000947 0.001474
 0.001474 0.000947 0.000947 0.996632
 0.886434 0.000947 0.111146 0.001474
 0.794996 0.000947 0.000947 0.203110
 0.001474 0.111146 0.111146 0.776235
 0.001474 0.853642 0.000947 0.143937
 0.143937 0.000947 0.000947 0.854169
 0.001474 0.000947 0.996105 0.001474
 0.886434 0.000947 0.000947 0.111672
 0.001474 0.143411 0.000947 0.854169
 0.203110 0.000947 0.794469 0.001474
 0.001474 0.143411 0.853642 0.001474
 0.001474 0.000947 0.996105 0.001474
 0.854169 0.000947 0.000947 0.143937
 0.886434 0.000947 0.000947 0.111672
 0.854169 0.000947 0.000947 0.143937

MOTIF 66-CATGCACACGWGW STREME-66
letter-probability matrix: alength= 4 w= 13 nsites= 10 E= 1.0e+002
 0.001337 0.996466 0.000859 0.001337
 0.896944 0.000859 0.100860 0.001337
 0.001337 0.000859 0.000859 0.996944
 0.001337 0.000859 0.996466 0.001337
 0.001337 0.996466 0.000859 0.001337
 0.996944 0.000859 0.000859 0.001337
 0.001337 0.996466 0.000859 0.001337
 0.896944 0.000859 0.100860 0.001337
 0.001337 0.667186 0.000859 0.330617
 0.001337 0.000859 0.996466 0.001337
 0.384314 0.000859 0.000859 0.613967
 0.201338 0.000859 0.567186 0.230617
 0.513967 0.100860 0.000859 0.384314

MOTIF 67-TGAAAATTTGCTCTGTA STREME-67
letter-probability matrix: alength= 4 w= 17 nsites= 8 E= 1.0e+002
 0.001516 0.000974 0.000974 0.996537
 0.001516 0.000974 0.995995 0.001516
 0.883215 0.000974 0.114295 0.001516
 0.850036 0.147475 0.000974 0.001516
 0.883215 0.000974 0.114295 0.001516
 0.996537 0.000974 0.000974 0.001516
 0.001516 0.000974 0.000974 0.996537
 0.001516 0.000974 0.147475 0.850036
 0.001516 0.000974 0.147475 0.850036
 0.001516 0.000974 0.995995 0.001516
 0.001516 0.769352 0.114295 0.114837
 0.148016 0.260796 0.000974 0.590214
 0.148016 0.849494 0.000974 0.001516
 0.001516 0.147475 0.000974 0.850036
 0.001516 0.114295 0.882674 0.001516
 0.148016 0.000974 0.000974 0.850036
 0.850036 0.000974 0.000974 0.148016

MOTIF 68-AAGGCGACCCBA STREME-68
letter-probability matrix: alength= 4 w= 12 nsites= 10 E= 1.0e+002
 0.996905 0.000870 0.000870 0.001354
 0.996905 0.000870 0.000870 0.001354
 0.203913 0.000870 0.793862 0.001354
 0.001354 0.000870 0.996421 0.001354
 0.001354 0.996421 0.000870 0.001354
 0.001354 0.000870 0.996421 0.001354
 0.996905 0.000870 0.000870 0.001354
 0.001354 0.895141 0.000870 0.102634
 0.001354 0.996421 0.000870 0.001354
 0.001354 0.608546 0.203429 0.186671
 0.001354 0.304708 0.388745 0.305192
 0.794346 0.102150 0.000870 0.102634

MOTIF 69-ATTAAGATCYMAAC STREME-69
letter-probability matrix: alength= 4 w= 14 nsites= 10 E= 1.0e+002
 0.996692 0.000930 0.000930 0.001448
 0.001448 0.000930 0.140860 0.856763
 0.001448 0.000930 0.000930 0.996692
 0.996692 0.000930 0.000930 0.001448
 0.996692 0.000930 0.000930 0.001448
 0.001448 0.000930 0.996175 0.001448
 0.888454 0.109168 0.000930 0.001448
 0.001448 0.109168 0.000930 0.888454
 0.001448 0.996175 0.000930 0.001448
 0.001448 0.315054 0.109168 0.574330
 0.574330 0.315054 0.000930 0.109686
 0.996692 0.000930 0.000930 0.001448
 0.532048 0.140860 0.217407 0.109686
 0.001448 0.887937 0.000930 0.109686

MOTIF 70-GGCGAGCACCATTTC STREME-70
letter-probability matrix: alength= 4 w= 15 nsites= 9 E= 1.0e+002
 0.001861 0.001196 0.995081 0.001861
 0.001861 0.001196 0.995081 0.001861
 0.001861 0.995081 0.001196 0.001861
 0.141047 0.001196 0.577523 0.280233
 0.995746 0.001196 0.001196 0.001861
 0.001861 0.001196 0.995081 0.001861
 0.001861 0.995081 0.001196 0.001861
 0.856560 0.001196 0.001196 0.141047
 0.280233 0.716709 0.001196 0.001861
 0.280233 0.716709 0.001196 0.001861
 0.856560 0.140382 0.001196 0.001861
 0.001861 0.001196 0.001196 0.995746
 0.001861 0.140382 0.001196 0.856560
 0.001861 0.001196 0.140382 0.856560
 0.001861 0.995081 0.001196 0.001861

MOTIF 71-TCAAAGTCGTTCT STREME-71
letter-probability matrix: alength= 4 w= 13 nsites= 13 E= 1.0e+002
 0.001198 0.000770 0.000770 0.997262
 0.090807 0.907225 0.000770 0.001198
 0.847885 0.000770 0.075458 0.075886
 0.907653 0.000770 0.000770 0.090807
 0.997262 0.000770 0.000770 0.001198
 0.001198 0.090378 0.907225 0.001198
 0.001198 0.090378 0.000770 0.907653
 0.001198 0.996833 0.000770 0.001198
 0.090807 0.000770 0.907225 0.001198
 0.090807 0.000770 0.090378 0.818045
 0.001198 0.179987 0.000770 0.818045
 0.075886 0.922145 0.000770 0.001198
 0.090807 0.165066 0.075458 0.668669

MOTIF 72-AAACAAATWGAGATAYT STREME-72
letter-probability matrix: alength= 4 w= 17 nsites= 8 E= 1.0e+002
 0.996258 0.001052 0.001052 0.001638
 0.873806 0.123504 0.001052 0.001638
 0.996258 0.001052 0.001052 0.001638
 0.001638 0.995672 0.001052 0.001638
 0.873806 0.001052 0.123504 0.001638
 0.996258 0.001052 0.001052 0.001638
 0.996258 0.001052 0.001052 0.001638
 0.124089 0.001052 0.225109 0.649749
 0.348146 0.001052 0.001052 0.649749
 0.001638 0.123504 0.750769 0.124089
 0.996258 0.001052 0.001052 0.001638
 0.001638 0.001052 0.873221 0.124089
 0.996258 0.001052 0.001052 0.001638
 0.001638 0.001052 0.001052 0.996258
 0.873806 0.123504 0.001052 0.001638
 0.124089 0.526712 0.001052 0.348146
 0.001638 0.001052 0.123504 0.873806

MOTIF 73-ATATCACTGATGTTATAY STREME-73
letter-probability matrix: alength= 4 w= 18 nsites= 8 E= 1.0e+002
 0.997030 0.000835 0.000835 0.001300
 0.001300 0.000835 0.000835 0.997030
 0.802648 0.000835 0.098026 0.098491
 0.179135 0.223674 0.000835 0.596356
 0.126947 0.870918 0.000835 0.001300
 0.997030 0.000835 0.000835 0.001300
 0.001300 0.773727 0.000835 0.224138
 0.001300 0.000835 0.000835 0.997030
 0.098491 0.000835 0.773727 0.126947
 0.997030 0.000835 0.000835 0.001300
 0.126947 0.098026 0.000835 0.774191
 0.098491 0.000835 0.899374 0.001300
 0.098491 0.223674 0.000835 0.677000
 0.098491 0.098026 0.000835 0.802648
 0.899839 0.000835 0.000835 0.098491
 0.001300 0.275862 0.000835 0.722003
 0.899839 0.000835 0.000835 0.098491
 0.001300 0.373053 0.098026 0.527621

MOTIF 74-ATAAAAAGCAAAGATT STREME-74
letter-probability matrix: alength= 4 w= 16 nsites= 9 E= 1.0e+002
 0.852172 0.000960 0.000960 0.145908
 0.001494 0.000960 0.112667 0.884879
 0.996586 0.000960 0.000960 0.001494
 0.996586 0.000960 0.000960 0.001494
 0.996586 0.000960 0.000960 0.001494
 0.996586 0.000960 0.000960 0.001494
 0.996586 0.000960 0.000960 0.001494
 0.224908 0.000960 0.660931 0.113201
 0.113201 0.660931 0.000960 0.224908
 0.996586 0.000960 0.000960 0.001494
 0.996586 0.000960 0.000960 0.001494
 0.996586 0.000960 0.000960 0.001494
 0.001494 0.000960 0.996052 0.001494
 0.740465 0.000960 0.000960 0.257615
 0.224908 0.112667 0.000960 0.661465
 0.001494 0.000960 0.000960 0.996586

MOTIF 75-AATTTGAAAAAYGTAGR STREME-75
letter-probability matrix: alength= 4 w= 17 nsites= 9 E= 1.0e+002
 0.760799 0.001012 0.118813 0.119376
 0.996400 0.001012 0.001012 0.001575
 0.001575 0.001012 0.216558 0.780854
 0.001575 0.001012 0.001012 0.996400
 0.001575 0.118813 0.001012 0.878600
 0.001575 0.001012 0.878037 0.119376
 0.996400 0.001012 0.001012 0.001575
 0.996400 0.001012 0.001012 0.001575
 0.688322 0.001012 0.309090 0.001575
 0.996400 0.001012 0.001012 0.001575
 0.996400 0.001012 0.001012 0.001575
 0.001575 0.426890 0.001012 0.570522
 0.001575 0.001012 0.995837 0.001575
 0.001575 0.001012 0.001012 0.996400
 0.996400 0.001012 0.001012 0.001575
 0.217121 0.001012 0.780291 0.001575
 0.452722 0.118813 0.309090 0.119376

MOTIF 76-CARAGAAACSTTGTATMG STREME-76
letter-probability matrix: alength= 4 w= 18 nsites= 8 E= 1.0e+002
 0.001786 0.995281 0.001147 0.001786
 0.995919 0.001147 0.001147 0.001786
 0.513174 0.001147 0.483893 0.001786
 0.995919 0.001147 0.001147 0.001786
 0.001786 0.001147 0.750953 0.246113
 0.862389 0.001147 0.001147 0.135316
 0.995919 0.001147 0.001147 0.001786
 0.995919 0.001147 0.001147 0.001786
 0.001786 0.861751 0.001147 0.135316
 0.001786 0.594690 0.401738 0.001786
 0.001786 0.245475 0.001147 0.751592
 0.001786 0.001147 0.134678 0.862389
 0.001786 0.001147 0.861751 0.135316
 0.001786 0.001147 0.134678 0.862389
 0.862389 0.001147 0.001147 0.135316
 0.001786 0.001147 0.001147 0.995919
 0.484531 0.512536 0.001147 0.001786
 0.001786 0.245475 0.750953 0.001786

MOTIF 77-TCWGCAAAGGTMACA STREME-77
letter-probability matrix: alength= 4 w= 15 nsites= 8 E= 1.0e+002
 0.001638 0.001053 0.001053 0.996256
 0.001638 0.873160 0.001053 0.124149
 0.491680 0.001053 0.001053 0.506214
 0.001638 0.001053 0.995670 0.001638
 0.001638 0.995670 0.001053 0.001638
 0.751235 0.001053 0.123563 0.124149
 0.996256 0.001053 0.001053 0.001638
 0.996256 0.001053 0.001053 0.001638
 0.001638 0.001053 0.995670 0.001638
 0.246659 0.001053 0.750650 0.001638
 0.001638 0.001053 0.001053 0.996256
 0.369170 0.628139 0.001053 0.001638
 0.996256 0.001053 0.001053 0.001638
 0.001638 0.873160 0.123563 0.001638
 0.873746 0.123563 0.001053 0.001638

MOTIF 78-TGCTCAGTTAAACCB STREME-78
letter-probability matrix: alength= 4 w= 15 nsites= 8 E= 1.0e+002
 0.001746 0.131684 0.001122 0.865448
 0.001746 0.001122 0.995386 0.001746
 0.001746 0.995386 0.001122 0.001746
 0.132308 0.001122 0.001122 0.865448
 0.001746 0.995386 0.001122 0.001746
 0.865448 0.001122 0.001122 0.132308
 0.001746 0.131684 0.864824 0.001746
 0.001746 0.001122 0.001122 0.996010
 0.001746 0.131684 0.001122 0.865448
 0.865448 0.001122 0.131684 0.001746
 0.996010 0.001122 0.001122 0.001746
 0.604323 0.001122 0.262246 0.132308
 0.001746 0.864824 0.001122 0.132308
 0.001746 0.995386 0.001122 0.001746
 0.001746 0.262246 0.473137 0.262870

MOTIF 79-AAAGCACTCGCTRA STREME-79
letter-probability matrix: alength= 4 w= 14 nsites= 8 E= 1.0e+002
 0.996178 0.001075 0.001075 0.001673
 0.996178 0.001075 0.001075 0.001673
 0.996178 0.001075 0.001075 0.001673
 0.001673 0.126136 0.870519 0.001673
 0.001673 0.870519 0.001075 0.126734
 0.996178 0.001075 0.001075 0.001673
 0.001673 0.995580 0.001075 0.001673
 0.001673 0.001075 0.001075 0.996178
 0.126734 0.870519 0.001075 0.001673
 0.001673 0.001075 0.745457 0.251796
 0.001673 0.995580 0.001075 0.001673
 0.001673 0.001075 0.001075 0.996178
 0.356034 0.001075 0.641219 0.001673
 0.766879 0.001075 0.001075 0.230972

MOTIF 80-AGCTCAGAGTTTCT STREME-80
letter-probability matrix: alength= 4 w= 14 nsites= 8 E= 1.0e+002
 0.996072 0.001105 0.001105 0.001719
 0.001719 0.001105 0.995457 0.001719
 0.001719 0.995457 0.001105 0.001719
 0.001719 0.001105 0.258188 0.738988
 0.001719 0.888319 0.001105 0.108858
 0.996072 0.001105 0.001105 0.001719
 0.001719 0.001105 0.995457 0.001719
 0.867530 0.001105 0.129646 0.001719
 0.001719 0.001105 0.995457 0.001719
 0.001719 0.129646 0.001105 0.867530
 0.001719 0.129646 0.001105 0.867530
 0.001719 0.129646 0.001105 0.867530
 0.001719 0.995457 0.001105 0.001719
 0.108858 0.001105 0.001105 0.888933

MOTIF 81-AGCTTAAGGCATTTT STREME-81
letter-probability matrix: alength= 4 w= 15 nsites= 8 E= 1.0e+002
 0.996347 0.001027 0.001027 0.001599
 0.001599 0.001027 0.995775 0.001599
 0.001599 0.995775 0.001027 0.001599
 0.156143 0.001027 0.001027 0.841802
 0.001599 0.120571 0.001027 0.876803
 0.722259 0.001027 0.120571 0.156143
 0.996347 0.001027 0.001027 0.001599
 0.001599 0.001027 0.995775 0.001599
 0.001599 0.001027 0.876232 0.121142
 0.101237 0.896137 0.001027 0.001599
 0.722259 0.155572 0.001027 0.121142
 0.001599 0.001027 0.155572 0.841802
 0.001599 0.155572 0.001027 0.841802
 0.001599 0.001027 0.155572 0.841802
 0.001599 0.100666 0.001027 0.896708

MOTIF 82-CGGGCTTCTAMGAA STREME-82
letter-probability matrix: alength= 4 w= 14 nsites= 8 E= 1.0e+002
 0.001699 0.763123 0.001091 0.234087
 0.128704 0.001091 0.868506 0.001699
 0.001699 0.001091 0.995512 0.001699
 0.001699 0.128097 0.868506 0.001699
 0.001699 0.995512 0.001091 0.001699
 0.001699 0.001091 0.001091 0.996119
 0.001699 0.001091 0.128097 0.869113
 0.001699 0.868506 0.001091 0.128704
 0.001699 0.128097 0.128097 0.742108
 0.742108 0.128097 0.001091 0.128704
 0.361092 0.636118 0.001091 0.001699
 0.255709 0.001091 0.741501 0.001699
 0.742108 0.128097 0.001091 0.128704
 0.996119 0.001091 0.001091 0.001699

MOTIF 83-TAATCTTTCGWCCTC STREME-83
letter-probability matrix: alength= 4 w= 15 nsites= 8 E= 1.0e+002
 0.001638 0.001052 0.001052 0.996258
 0.751354 0.001052 0.245956 0.001638
 0.751354 0.001052 0.245956 0.001638
 0.159942 0.001052 0.001052 0.837953
 0.001638 0.750769 0.001052 0.246541
 0.001638 0.001052 0.245956 0.751354
 0.124089 0.001052 0.001052 0.873806
 0.001638 0.001052 0.001052 0.996258
 0.001638 0.995672 0.001052 0.001638
 0.001638 0.001052 0.995672 0.001638
 0.404846 0.123504 0.001052 0.470598
 0.001638 0.995672 0.001052 0.001638
 0.001638 0.995672 0.001052 0.001638
 0.001638 0.001052 0.001052 0.996258
 0.124089 0.873221 0.001052 0.001638

MOTIF 84-TAAATGTASCACATTRAAAWTA STREME-84
letter-probability matrix: alength= 4 w= 22 nsites= 7 E= 1.0e+002
 0.001867 0.001200 0.001200 0.995733
 0.995733 0.001200 0.001200 0.001867
 0.995733 0.001200 0.001200 0.001867
 0.995733 0.001200 0.001200 0.001867
 0.001867 0.140814 0.001200 0.856119
 0.001867 0.001200 0.995066 0.001867
 0.001867 0.001200 0.001200 0.995733
 0.856119 0.001200 0.001200 0.141482
 0.001867 0.436607 0.559659 0.001867
 0.001867 0.995066 0.001200 0.001867
 0.995733 0.001200 0.001200 0.001867
 0.281097 0.715837 0.001200 0.001867
 0.716504 0.001200 0.001200 0.281097
 0.001867 0.001200 0.140814 0.856119
 0.001867 0.001200 0.140814 0.856119
 0.437275 0.001200 0.559659 0.001867
 0.995733 0.001200 0.001200 0.001867
 0.856119 0.001200 0.001200 0.141482
 0.856119 0.140814 0.001200 0.001867
 0.420711 0.140814 0.001200 0.437275
 0.297660 0.001200 0.001200 0.699941
 0.995733 0.001200 0.001200 0.001867

MOTIF 85-TATATGAAAGTATGA STREME-85
letter-probability matrix: alength= 4 w= 15 nsites= 6 E= 1.0e+002
 0.001982 0.001273 0.001273 0.995471
 0.995471 0.001273 0.001273 0.001982
 0.193559 0.001273 0.001273 0.803894
 0.847283 0.001273 0.149462 0.001982
 0.001982 0.001273 0.001273 0.995471
 0.150171 0.001273 0.654997 0.193559
 0.995471 0.001273 0.001273 0.001982
 0.995471 0.001273 0.001273 0.001982
 0.803894 0.001273 0.001273 0.193559
 0.001982 0.001273 0.994763 0.001982
 0.001982 0.001273 0.001273 0.995471
 0.995471 0.001273 0.001273 0.001982
 0.001982 0.001273 0.001273 0.995471
 0.001982 0.001273 0.994763 0.001982
 0.655706 0.001273 0.192850 0.150171

MOTIF 86-TGTTGCAATTAAAAGAGAT STREME-86
letter-probability matrix: alength= 4 w= 19 nsites= 6 E= 1.0e+002
 0.001932 0.001241 0.001241 0.995585
 0.001932 0.145702 0.850434 0.001932
 0.001932 0.001241 0.001241 0.995585
 0.001932 0.145702 0.001241 0.851125
 0.146393 0.001241 0.850434 0.001932
 0.001932 0.994895 0.001241 0.001932
 0.995585 0.001241 0.001241 0.001932
 0.995585 0.001241 0.001241 0.001932
 0.001932 0.001241 0.001241 0.995585
 0.001932 0.001241 0.001241 0.995585
 0.851125 0.001241 0.001241 0.146393
 0.851125 0.145702 0.001241 0.001932
 0.995585 0.001241 0.001241 0.001932
 0.519907 0.145702 0.145702 0.188689
 0.001932 0.145702 0.663677 0.188689
 0.706664 0.001241 0.001241 0.290853
 0.188689 0.001241 0.808137 0.001932
 0.851125 0.001241 0.001241 0.146393
 0.001932 0.001241 0.187999 0.808828

MOTIF 87-ACGACGTGTAY STREME-87
letter-probability matrix: alength= 4 w= 11 nsites= 10 E= 1.0e+002
 0.995698 0.001210 0.001210 0.001883
 0.001883 0.995025 0.001210 0.001883
 0.001883 0.001210 0.995025 0.001883
 0.995698 0.001210 0.001210 0.001883
 0.001883 0.995025 0.001210 0.001883
 0.119221 0.001210 0.877687 0.001883
 0.001883 0.001210 0.001210 0.995698
 0.001883 0.229399 0.766836 0.001883
 0.103050 0.001210 0.001210 0.894530
 0.995698 0.001210 0.001210 0.001883
 0.001883 0.548331 0.001210 0.448577

MOTIF 88-AGTACAGAATGAT STREME-88
letter-probability matrix: alength= 4 w= 13 nsites= 8 E= 1.0e+002
 0.859260 0.137740 0.001174 0.001826
 0.001826 0.137740 0.858607 0.001826
 0.001826 0.001174 0.001174 0.995826
 0.995826 0.001174 0.001174 0.001826
 0.251710 0.745290 0.001174 0.001826
 0.859260 0.137740 0.001174 0.001826
 0.001826 0.001174 0.995174 0.001826
 0.881999 0.001174 0.001174 0.115654
 0.859260 0.001174 0.001174 0.138393
 0.001826 0.001174 0.001174 0.995826
 0.001826 0.001174 0.995174 0.001826
 0.995826 0.001174 0.001174 0.001826
 0.115654 0.001174 0.001174 0.881999

MOTIF 89-AGTGCAAATACC STREME-89
letter-probability matrix: alength= 4 w= 12 nsites= 8 E= 1.0e+002
 0.995213 0.001346 0.001346 0.002095
 0.002095 0.001346 0.994464 0.002095
 0.132658 0.001346 0.001346 0.864650
 0.002095 0.001346 0.994464 0.002095
 0.002095 0.994464 0.001346 0.002095
 0.995213 0.001346 0.001346 0.002095
 0.864650 0.001346 0.001346 0.132658
 0.995213 0.001346 0.001346 0.002095
 0.002095 0.001346 0.001346 0.995213
 0.995213 0.001346 0.001346 0.002095
 0.002095 0.994464 0.001346 0.002095
 0.002095 0.791955 0.203855 0.002095

MOTIF 90-GTGYGAGCCA STREME-90
letter-probability matrix: alength= 4 w= 10 nsites= 8 E= 1.0e+002
 0.002072 0.001331 0.994526 0.002072
 0.002072 0.001331 0.130443 0.866154
 0.002072 0.001331 0.994526 0.002072
 0.002072 0.341812 0.001331 0.654785
 0.002072 0.001331 0.994526 0.002072
 0.995266 0.001331 0.001331 0.002072
 0.002072 0.001331 0.994526 0.002072
 0.002072 0.994526 0.001331 0.002072
 0.002072 0.994526 0.001331 0.002072
 0.995266 0.001331 0.001331 0.002072

MOTIF 91-AAAAATTGAACACAATTSTG STREME-91
letter-probability matrix: alength= 4 w= 20 nsites= 7 E= 1.0e+002
 0.995554 0.001250 0.001250 0.001946
 0.995554 0.001250 0.001250 0.001946
 0.850072 0.146732 0.001250 0.001946
 0.995554 0.001250 0.001250 0.001946
 0.995554 0.001250 0.001250 0.001946
 0.001946 0.001250 0.001250 0.995554
 0.147428 0.001250 0.001250 0.850072
 0.147428 0.001250 0.849376 0.001946
 0.995554 0.001250 0.001250 0.001946
 0.850072 0.146732 0.001250 0.001946
 0.001946 0.849376 0.146732 0.001946
 0.850072 0.001250 0.001250 0.147428
 0.147428 0.849376 0.001250 0.001946
 0.850072 0.146732 0.001250 0.001946
 0.850072 0.001250 0.001250 0.147428
 0.147428 0.146732 0.146732 0.559107
 0.147428 0.001250 0.001250 0.850072
 0.001946 0.558412 0.292215 0.147428
 0.147428 0.001250 0.146732 0.704589
 0.001946 0.001250 0.849376 0.147428

MOTIF 92-AAAATAATAGAAAG STREME-92
letter-probability matrix: alength= 4 w= 14 nsites= 7 E= 1.0e+002
 0.995380 0.001299 0.001299 0.002022
 0.995380 0.001299 0.001299 0.002022
 0.995380 0.001299 0.001299 0.002022
 0.995380 0.001299 0.001299 0.002022
 0.197448 0.001299 0.001299 0.799954
 0.995380 0.001299 0.001299 0.002022
 0.995380 0.001299 0.001299 0.002022
 0.002022 0.001299 0.001299 0.995380
 0.869384 0.001299 0.127295 0.002022
 0.278619 0.001299 0.718060 0.002022
 0.995380 0.001299 0.001299 0.002022
 0.995380 0.001299 0.001299 0.002022
 0.995380 0.001299 0.001299 0.002022
 0.002022 0.001299 0.994658 0.002022

MOTIF 93-ATATYGCCCAWTTCTGRKWTSW STREME-93
letter-probability matrix: alength= 4 w= 22 nsites= 7 E= 1.0e+002
 0.995441 0.001282 0.001282 0.001995
 0.001995 0.001282 0.001282 0.995441
 0.995441 0.001282 0.001282 0.001995
 0.001995 0.001282 0.001282 0.995441
 0.001995 0.423416 0.001282 0.573307
 0.001995 0.001282 0.994728 0.001995
 0.001995 0.994728 0.001282 0.001995
 0.001995 0.845551 0.150459 0.001995
 0.001995 0.994728 0.001282 0.001995
 0.846264 0.001282 0.001282 0.151172
 0.424130 0.001282 0.001282 0.573307
 0.001995 0.001282 0.274239 0.722484
 0.001995 0.001282 0.001282 0.995441
 0.151172 0.696374 0.001282 0.151172
 0.001995 0.001282 0.001282 0.995441
 0.274953 0.001282 0.721770 0.001995
 0.573307 0.001282 0.423416 0.001995
 0.001995 0.001282 0.547197 0.449526
 0.449526 0.001282 0.001282 0.547910
 0.300349 0.001282 0.001282 0.697087
 0.151172 0.547197 0.299636 0.001995
 0.449526 0.001282 0.001282 0.547910

MOTIF 94-CAGGACRTGTWATWRYAA STREME-94
letter-probability matrix: alength= 4 w= 18 nsites= 7 E= 1.0e+002
 0.001913 0.851932 0.001229 0.144927
 0.995629 0.001229 0.001229 0.001913
 0.001913 0.001229 0.994946 0.001913
 0.001913 0.144243 0.851932 0.001913
 0.995629 0.001229 0.001229 0.001913
 0.001913 0.733265 0.262910 0.001913
 0.406607 0.001229 0.590251 0.001913
 0.144927 0.001229 0.001229 0.852615
 0.001913 0.001229 0.994946 0.001913
 0.001913 0.001229 0.001229 0.995629
 0.447921 0.144243 0.001229 0.406607
 0.995629 0.001229 0.001229 0.001913
 0.001913 0.001229 0.001229 0.995629
 0.447921 0.144243 0.001229 0.406607
 0.549621 0.001229 0.447237 0.001913
 0.001913 0.590251 0.001229 0.406607
 0.852615 0.001229 0.144243 0.001913
 0.995629 0.001229 0.001229 0.001913

MOTIF 95-TACTAGTCCTAGGAAAC STREME-95
letter-probability matrix: alength= 4 w= 17 nsites= 7 E= 1.0e+002
 0.002008 0.001290 0.001290 0.995411
 0.995411 0.001290 0.001290 0.002008
 0.002008 0.844524 0.151459 0.002008
 0.002008 0.001290 0.151459 0.845242
 0.695074 0.151459 0.151459 0.002008
 0.002008 0.001290 0.994693 0.002008
 0.002008 0.001290 0.001290 0.995411
 0.002008 0.994693 0.001290 0.002008
 0.152177 0.844524 0.001290 0.002008
 0.152177 0.151459 0.001290 0.695074
 0.995411 0.001290 0.001290 0.002008
 0.002008 0.001290 0.844524 0.152177
 0.152177 0.001290 0.694356 0.152177
 0.845242 0.001290 0.001290 0.152177
 0.995411 0.001290 0.001290 0.002008
 0.695074 0.301627 0.001290 0.002008
 0.152177 0.694356 0.001290 0.152177

MOTIF 96-CAAAGGAAACTCWCGC STREME-96
letter-probability matrix: alength= 4 w= 16 nsites= 9 E= 1.0e+002
 0.001574 0.760396 0.001012 0.237018
 0.878680 0.118734 0.001012 0.001574
 0.996402 0.001012 0.001012 0.001574
 0.996402 0.001012 0.001012 0.001574
 0.001574 0.001012 0.995840 0.001574
 0.001574 0.001012 0.878118 0.119296
 0.996402 0.001012 0.001012 0.001574
 0.996402 0.001012 0.001012 0.001574
 0.878680 0.001012 0.001012 0.119296
 0.001574 0.995840 0.001012 0.001574
 0.001574 0.001012 0.001012 0.996402
 0.119296 0.760396 0.001012 0.119296
 0.545556 0.118734 0.001012 0.334699
 0.119296 0.642674 0.001012 0.237018
 0.216977 0.001012 0.662715 0.119296
 0.001574 0.878118 0.001012 0.119296

MOTIF 97-AAATATAACTTATAKGATT STREME-97
letter-probability matrix: alength= 4 w= 19 nsites= 6 E= 1.0e+002
 0.693709 0.152137 0.001296 0.152858
 0.995390 0.001296 0.001296 0.002017
 0.995390 0.001296 0.001296 0.002017
 0.002017 0.001296 0.001296 0.995390
 0.995390 0.001296 0.001296 0.002017
 0.002017 0.001296 0.001296 0.995390
 0.542868 0.152137 0.152137 0.152858
 0.995390 0.001296 0.001296 0.002017
 0.152858 0.843829 0.001296 0.002017
 0.002017 0.001296 0.001296 0.995390
 0.002017 0.152137 0.152137 0.693709
 0.995390 0.001296 0.001296 0.002017
 0.152858 0.001296 0.001296 0.844550
 0.995390 0.001296 0.001296 0.002017
 0.152858 0.001296 0.302977 0.542868
 0.002017 0.001296 0.994669 0.002017
 0.995390 0.001296 0.001296 0.002017
 0.002017 0.001296 0.152137 0.844550
 0.002017 0.001296 0.001296 0.995390

MOTIF 98-ATAAGTAGTTTTAWMWA STREME-98
letter-probability matrix: alength= 4 w= 17 nsites= 6 E= 1.0e+002
 0.995585 0.001241 0.001241 0.001932
 0.001932 0.001241 0.001241 0.995585
 0.851125 0.145702 0.001241 0.001932
 0.995585 0.001241 0.001241 0.001932
 0.146393 0.001241 0.850434 0.001932
 0.001932 0.001241 0.001241 0.995585
 0.995585 0.001241 0.001241 0.001932
 0.001932 0.001241 0.850434 0.146393
 0.001932 0.001241 0.001241 0.995585
 0.001932 0.290163 0.001241 0.706664
 0.001932 0.001241 0.145702 0.851125
 0.001932 0.001241 0.001241 0.995585
 0.995585 0.001241 0.001241 0.001932
 0.375446 0.001241 0.001241 0.622071
 0.375446 0.621380 0.001241 0.001932
 0.622071 0.001241 0.001241 0.375446
 0.706664 0.001241 0.145702 0.146393

MOTIF 99-ATACGAAGTCGC STREME-99
letter-probability matrix: alength= 4 w= 12 nsites= 6 E= 1.0e+002
 0.995266 0.001331 0.001331 0.002072
 0.002072 0.156241 0.001331 0.840356
 0.995266 0.001331 0.001331 0.002072
 0.002072 0.994525 0.001331 0.002072
 0.002072 0.001331 0.994525 0.002072
 0.995266 0.001331 0.001331 0.002072
 0.995266 0.001331 0.001331 0.002072
 0.002072 0.001331 0.994525 0.002072
 0.156982 0.001331 0.001331 0.840356
 0.002072 0.994525 0.001331 0.002072
 0.002072 0.156241 0.839615 0.002072
 0.330270 0.666327 0.001331 0.002072

MOTIF 100-CAGGGTCATKCAGAYC STREME-100
letter-probability matrix: alength= 4 w= 16 nsites= 6 E= 1.0e+002
 0.002128 0.994377 0.001367 0.002128
 0.836032 0.001367 0.160473 0.002128
 0.002128 0.001367 0.994377 0.002128
 0.002128 0.001367 0.994377 0.002128
 0.002128 0.001367 0.994377 0.002128
 0.002128 0.001367 0.001367 0.995138
 0.002128 0.703252 0.001367 0.293253
 0.995138 0.001367 0.001367 0.002128
 0.002128 0.001367 0.001367 0.995138
 0.002128 0.001367 0.544146 0.452359
 0.002128 0.994377 0.001367 0.002128
 0.789447 0.207058 0.001367 0.002128
 0.002128 0.001367 0.788686 0.207819
 0.789447 0.001367 0.001367 0.207819
 0.002128 0.292493 0.160473 0.544906
 0.002128 0.994377 0.001367 0.002128

MOTIF 101-CTGCCYATTTATAAA STREME-101
letter-probability matrix: alength= 4 w= 15 nsites= 6 E= 1.0e+002
 0.002017 0.994669 0.001296 0.002017
 0.002017 0.001296 0.001296 0.995390
 0.152858 0.001296 0.843829 0.002017
 0.152858 0.692988 0.001296 0.152858
 0.002017 0.994669 0.001296 0.002017
 0.152858 0.542147 0.001296 0.303698
 0.995390 0.001296 0.001296 0.002017
 0.002017 0.001296 0.001296 0.995390
 0.152858 0.001296 0.001296 0.844550
 0.002017 0.001296 0.001296 0.995390
 0.995390 0.001296 0.001296 0.002017
 0.002017 0.001296 0.001296 0.995390
 0.844550 0.001296 0.001296 0.152858
 0.995390 0.001296 0.001296 0.002017
 0.995390 0.001296 0.001296 0.002017

MOTIF 102-GAACAGTTCAAAGTCAA STREME-102
letter-probability matrix: alength= 4 w= 17 nsites= 6 E= 1.0e+002
 0.156887 0.001330 0.839712 0.002070
 0.995269 0.001330 0.001330 0.002070
 0.711993 0.001330 0.001330 0.285346
 0.002070 0.839712 0.001330 0.156887
 0.995269 0.001330 0.001330 0.002070
 0.002070 0.001330 0.994529 0.002070
 0.002070 0.001330 0.156147 0.840452
 0.156887 0.001330 0.001330 0.840452
 0.002070 0.711253 0.284606 0.002070
 0.995269 0.001330 0.001330 0.002070
 0.995269 0.001330 0.001330 0.002070
 0.995269 0.001330 0.001330 0.002070
 0.002070 0.001330 0.994529 0.002070
 0.002070 0.001330 0.001330 0.995269
 0.002070 0.994529 0.001330 0.002070
 0.995269 0.001330 0.001330 0.002070
 0.840452 0.156147 0.001330 0.002070

MOTIF 103-AACSTCACKTGACGWCG STREME-103
letter-probability matrix: alength= 4 w= 17 nsites= 7 E= 1.0e+002
 0.819309 0.001507 0.176839 0.002345
 0.994642 0.001507 0.001507 0.002345
 0.002345 0.993804 0.001507 0.002345
 0.002345 0.497655 0.497655 0.002345
 0.002345 0.001507 0.001507 0.994642
 0.002345 0.993804 0.001507 0.002345
 0.994642 0.001507 0.001507 0.002345
 0.002345 0.993804 0.001507 0.002345
 0.002345 0.001507 0.497655 0.498493
 0.002345 0.176839 0.176839 0.643977
 0.002345 0.001507 0.993804 0.002345
 0.819309 0.001507 0.001507 0.177677
 0.002345 0.993804 0.001507 0.002345
 0.002345 0.176839 0.818471 0.002345
 0.498493 0.001507 0.001507 0.498493
 0.323161 0.672988 0.001507 0.002345
 0.002345 0.001507 0.993804 0.002345

********************************************************************************
Stopped because 100 consecutive motifs exceeded the p-value threshold (0.05).
********************************************************************************
COMMAND:	streme --oc streme_output_upAboral --p promoters_500_upstream_upAboral.fasta --n promoters_500_upstream.fasta --patience 100 --dna --thresh 0.05 -maxw 25
********************************************************************************
CPU:		cpu028
********************************************************************************
FINALTIME:	7976.75 seconds
********************************************************************************
