# Position (bp)	A	C	G	T	N
0.0	31.71236015334235	16.87749376907	21.293770187654378	30.115956769081176	4.191208521006337E-4
1.0	28.61041878555542	19.579202664490964	20.425044426810324	31.352083868876647	0.03325025426665028
2.0	29.518374258156094	22.338414940820137	18.493148771137662	29.648050249796025	0.0020117800900830416
3.0	28.345869703709496	21.304974685100532	19.977395415376705	30.36879840845842	0.0029617873548444785
4.0	29.370843718216666	20.433175371341076	20.298162574184392	29.896728622042403	0.0010897142154616477
5.0	28.357158025326072	20.23093558950745	19.88661383881171	31.521380751735162	0.003911794619605915
6.0	30.56637197813866	19.73603768734702	19.040716193712072	30.6500005588278	0.006873581974450392
7.0	29.069188470264773	20.035178210186313	19.34466263565545	31.549880969678	0.0010897142154616477
8.0	30.974036860281874	19.35122886233836	18.96848770020006	30.704905390452986	0.001341186726722028
9.0	29.222949940205424	19.90050070971131	19.58180121377399	31.292904004560036	0.0018441317492427884
10.0	30.695936204218032	19.918467023571356	18.853900059235748	30.52608049355672	0.005616219418148492
11.0	29.097800453768173	20.152839404066032	19.467912107563176	31.280525968727996	9.220658746213942E-4
12.0	31.29041722083757	18.96887887966202	19.43142065204028	30.308165591854525	0.00111765560560169
13.0	29.30680205201569	19.959345277346237	19.677528416393773	31.052635990745813	0.003688263498485577
14.0	30.89289506331519	19.83455902898081	18.582337688464676	30.688084673588676	0.002123545650643211
15.0	29.11297262861422	20.155885015591295	19.54167737753289	31.186475249516615	0.0029897287449845208
16.0	31.056268371464018	19.348518547494777	19.237675052809227	30.354576240877133	0.0029617873548444785
17.0	29.230102936081277	19.751880455556424	19.63684575234987	31.378767896460385	0.002402959552043633
18.0	31.30301878779073	19.484732824427482	18.78077744123926	30.426860617169428	0.0046103293731069705
19.0	29.347400891889176	20.02643255507248	19.430750058676917	31.189576743822155	0.00583975053926883
20.0	31.216093123065058	19.419294088719504	19.132447777541827	30.226828205156863	0.005336805516748069
21.0	29.39646597297509	19.706810993260536	19.763895253316644	31.130145406994288	0.002682373453444056
22.0	31.077056765728205	19.76817028600807	18.94035072032904	30.212578096185442	0.0018441317492427884
23.0	29.264135549271845	20.0655225598784	19.41893085064768	31.25023750181619	0.0011735383858817742
24.0	31.553178053714525	18.992293764599378	19.147396421266752	30.305818515082763	0.0013132453365819856
25.0	29.379449666379802	19.796251383098813	19.591524817542723	31.230315290646338	0.0024588423323237177
26.0	31.09027304326445	19.772054139237536	18.687341432610953	30.447732835604036	0.0025985492830239293
27.0	29.255836956400255	19.977814536228806	19.536480278966838	31.228778514188637	0.0010897142154616477
28.0	31.36678104009031	19.39205123333296	19.258379622903	29.979826316318892	0.0029617873548444785
29.0	29.341114079107665	19.815978004537683	19.591273345031464	31.25057279849787	0.0010617728253216054
30.0	31.325735137974586	19.345975880992032	18.878572306729406	30.447118125020957	0.0025985492830239293
31.0	29.28780190672046	20.127831859890694	19.454639947246655	31.127630681881683	0.0020956042605031686
32.0	31.345769114704996	19.422507348585608	18.983855464777083	30.241245962469126	0.0066221094631900125
33.0	29.4302471136544	19.852357694500018	19.652856168900115	31.061409587249784	0.0031294356956847315
34.0	31.116258536094687	19.738440646899065	18.912241681848155	30.231326768969407	0.0017323661886826194
35.0	29.32717132542778	20.066891687995263	19.428570630245996	31.17479574843808	0.002570607892883887
36.0	31.418472611849385	19.026074905278687	19.284225408782536	30.268460876465525	0.0027661976238641823
37.0	29.39112916745834	19.869960770288245	19.60300872889028	31.132995428788572	0.002905904574564394
38.0	31.17063248130721	19.796586679780493	18.733807964413845	30.295256669609827	0.003716204888625619
39.0	29.350222972293317	20.162199769762946	19.40403808970304	31.081471505370335	0.0020676628703631262
40.0	31.24727083403312	19.339345895894215	19.432025572984895	29.97953825310985	0.0018194439779203478
41.0	29.434492861894167	19.80514491022263	19.553878200706016	31.20460513548772	0.0018788916894657555
42.0	31.407039058709024	19.434412832496072	18.936074382127472	30.221012653177397	0.0014610734900297189
43.0	29.383181874745556	20.27885873105876	19.335280832319324	31.000876712390475	0.0018018494858816647
44.0	31.411693119439327	19.40406294051321	18.949998462567468	30.231480919898075	0.0027645575819261127
45.0	29.63367214101863	19.74009196006677	19.47563256115712	31.148794101891074	0.001809235866404893
46.0	31.13323958695694	19.597137978273654	19.07672661222427	30.18873162512478	0.004164197420350518
47.0	29.39672994651723	20.109361343493006	19.206589499255852	31.285899892046622	0.001419318687289178
48.0	31.660442326423976	18.913232469435872	19.121298395098815	30.302068256092348	0.002958552948994547
49.0	29.54738564886889	19.882041982447436	19.516620190580465	31.05095831978969	0.0029938583135168425
50.0	31.44830199441109	19.484121552401835	18.849103668055562	30.21535799126086	0.003114793870657184
51.0	29.501237504299972	20.121524898597972	19.409068424635976	30.963758209332283	0.004410963133800265
52.0	31.5570245941167	18.969188463039934	19.427802144809057	30.043659723976397	0.002325074057914437
53.0	29.4848019109473	19.579069212870472	19.694217365077748	31.237855580686986	0.004055930417493314
54.0	31.69883243896421	19.01486605217704	18.960788812814343	30.3160578269021	0.009454869142305004
55.0	29.475641461590307	20.02595516839802	19.499195834692387	30.994151708883784	0.0050558264355008
56.0	31.749828583871132	18.95746563569903	19.169042942056716	30.120651473947063	0.003011364426057105
57.0	29.737755310857704	19.628250845775046	19.725810688622712	30.902580938240643	0.005602216503897604
58.0	31.55863943852356	19.625752200777345	19.144675380068147	29.669769202413327	0.0011637782176212898
59.0	29.489930345223225	19.942620773006738	19.591240816305103	30.97472065030957	0.001487415155360513
60.0	31.97360231514736	18.851880794117296	19.314430818191997	29.859296738031276	7.893345120728713E-4
61.0	29.69788427534906	19.862443894134035	19.46102606313874	30.978118126005448	5.276413727117953E-4
62.0	31.596777577506042	19.28710837064676	18.905785632974588	30.209417499178702	9.109196939074753E-4
63.0	29.907030453712597	19.816329175823206	19.30484938108677	30.970671584193997	0.00111940518343516
64.0	32.00235292311127	18.878959705601126	19.29721777472769	29.814234830467285	0.007234766092629811
65.0	29.905300719956134	19.740346796438	19.278871377865052	31.073438131027515	0.0020429747133025485
66.0	31.92540492535506	19.030245032971052	18.758474284479504	30.284005774979995	0.0018699822143913832
67.0	29.70418821216181	19.801958986145223	19.221398522577616	31.270758212977107	0.0016960661382478387
68.0	31.718818878709047	18.755857020401372	18.851895750852865	30.670922991851025	0.002505358185691184
69.0	29.618249815608145	19.5306775126249	19.434318380975245	31.412419176274426	0.004335114517282009
70.0	31.56969703689564	19.122734833939514	18.8326245644675	30.454236386078904	0.02070717861844461
71.0	29.576897771074744	19.8002409486527	19.025690173681316	31.591763281468282	0.005407825122952913
72.0	32.06478430229301	18.66801147078966	18.800343569545426	30.462313059076013	0.004547598295885417
73.0	30.012170845947768	19.901250387604154	18.730180104969396	31.350541196547237	0.005857464931448035
74.0	31.898650736554806	19.36579382155317	18.042104670592497	30.67889309612091	0.014557675178619042
75.0	30.392217554988687	19.72497916738739	18.064682151685695	31.77612209337259	0.04199903256563715
76.0	31.779656118090827	19.113211347360647	18.623863873536354	30.481473616187778	0.0017950448243989794
77.0	29.88867683702133	19.820477214321798	18.73378596373913	31.55294165021367	0.0041183347040778225
78.0	31.891506049631385	19.26866161883377	18.264436877520424	30.569890506595844	0.00550494741857724
79.0	29.96545747380791	20.241202757023505	18.327717310638633	31.460777182306277	0.004845276223677577
80.0	32.11844318009551	19.22166384642988	18.068098340421592	30.581124574927333	0.010670058125679756
81.0	30.064621680422697	20.014868104924048	18.37502898386277	31.54421704103128	0.0012641897591996014
82.0	31.97248286517575	19.530344879403057	17.97793768665727	30.518152385610918	0.0010821831530055473
83.0	29.94200054700083	20.21059531923576	18.185761977736696	31.660277754865483	0.0013644011612294247
84.0	32.07338258298558	18.915336471057927	18.33535387706533	30.674776618240983	0.0011504506501756303
85.0	29.96974214872219	20.01358999442118	18.388840363094218	31.621996082663838	0.005831411098578602
86.0	31.573079737564658	19.7811579427971	17.776460875493317	30.867800384021216	0.0015010601237123718
87.0	30.06041125824221	20.072370560857735	18.159478068809427	31.707301008401622	4.39103689004185E-4
88.0	31.936294184405018	19.363948394175097	18.17895580490039	30.520392705531247	4.0891098825607643E-4
89.0	30.17614050606994	19.854697411413152	18.276963302720457	31.691694015929716	5.04763866730982E-4
90.0	31.74695243800213	19.36680833720182	18.10110852368037	30.783864938014	0.0012657631016765349
91.0	30.168788226572758	20.21706105616062	18.044259882754645	31.568398678648364	0.0014921558636169542
92.0	31.729142160593405	19.431896415017555	18.127722204142305	30.707672770602773	0.0035664496439600586
93.0	30.31373512498574	19.851328930986195	18.036502910386176	31.792682229407887	0.0057508042339976684
94.0	31.827150585367946	19.583206994542806	17.8691234833736	30.714781606439658	0.005737330275988023
95.0	30.358825591529953	19.945389813173982	17.97437373565196	31.715203694710404	0.0062071649336991165
96.0	32.346188979187914	18.935960756438174	17.980781547807844	30.720483839586166	0.016584876979900357
97.0	30.51585988411965	19.86916672225176	17.969743145062846	31.64409696026173	0.0011332883040113873
98.0	31.757396949590916	19.66279137775294	17.640709379325585	30.936535374737623	0.0025669185929386995
99.0	30.413321084270358	19.70263084174478	18.066552589930005	31.815408316774597	0.002087167280261235
100.0	31.99548742103887	19.161441865199304	18.12287450101605	30.71744703496267	0.0027491777831088553
101.0	30.601267767089112	19.530631133528868	18.009777176446857	31.854381248112855	0.003942674822308574
102.0	32.18124313610385	19.114858335779324	17.774333233294968	30.928608884066527	9.56410755333639E-4
103.0	30.74489519583286	19.62490059875799	17.900235252364936	31.724969923054662	0.0049990299895450755
104.0	32.1446979306412	19.234658594513547	17.88732062051188	30.732658224314623	6.646300187458898E-4
105.0	30.96823810659811	19.198036798353098	17.921188330894903	31.911502446494914	0.0010343176589721218
106.0	31.960964239546147	19.398421958619952	17.908190945686172	30.728337095358977	0.004085760788752771
107.0	31.012585237235303	19.346755210394463	17.78182966237296	31.85634182514351	0.0024880648537639882
108.0	32.29386936776537	18.8479265005932	17.93384175823434	30.922168462017485	0.002193911389606598
109.0	31.064185032508405	19.16423133266493	17.869928421178223	31.90033332045335	0.0013218931950971999
110.0	32.08055134932393	19.464136869358814	17.519615561207733	30.93314355088542	0.0025526692241008733
111.0	30.961207951467557	19.248598894976258	17.766551770813535	32.02035994623913	0.0032814365035200243
112.0	32.28036510557373	18.919752980471177	17.93115995509984	30.864671332896233	0.004050625959020023
113.0	31.069367848226765	19.18583286163316	17.727227912883585	32.01526171258533	0.0023096646711623543
114.0	32.22720961828238	19.10014922938555	17.628045843101006	31.041720851352082	0.002874457878975626
115.0	31.206598883392218	19.117298095865713	17.7032367429791	31.97036111259952	0.002505165163451589
116.0	32.24461118189588	19.07221269686467	17.669136268541678	31.013026144921763	0.001013707776012528
117.0	31.3102742999744	18.99857524294092	17.67562668063914	32.011801216715135	0.003722559730402391
118.0	32.189091658351884	19.252988736580498	17.568626980553983	30.983859199494194	0.005433425019440372
119.0	31.30409756550544	19.140450137112442	17.58140530593424	31.97216849607306	0.0018784953748253973
120.0	32.516032290752115	18.633680187632564	17.801692895927683	31.04603017151568	0.0025644541719573376
121.0	31.59104133847419	18.907572648483757	17.596210347609066	31.903314764885955	0.0018609005470331878
122.0	32.14244615079217	19.279339798786506	17.337330368162583	31.239481171837014	0.0014025104217312877
123.0	31.63680306360841	19.019805806151002	17.446214608024622	31.895007647092203	0.002168875123761437
124.0	32.33389268876793	18.85170711185498	17.734461538349755	31.07721393765034	0.0027247233770003555
125.0	31.677142721485467	18.794772807789656	17.43154649943937	32.09533270757015	0.0012052637153532337
126.0	32.41258144286745	18.965609033847556	17.40216299772171	31.21858173293165	0.001064792631634989
127.0	31.704444109760566	18.886580554472754	17.377291600222073	32.02998570702954	0.0016980285150666808
128.0	32.4569139913067	19.006841052252575	17.433658867941336	31.10121268137326	0.001373407126127029
129.0	31.885869508420907	18.700555820137023	17.32179194142913	32.08439269595907	0.007390034053874095
130.0	32.328608172948826	19.055128038661902	17.524773505277434	31.08698703289099	0.004503250220846897
131.0	31.806713539132875	18.82189054125508	17.270826815056306	32.09702140058069	0.003547703975051338
132.0	32.807206172901374	18.515818743156704	17.574196154541216	31.099172198253278	0.0036067311474264644
133.0	32.07708310187863	18.64622000585652	17.40359935448476	31.87027235871528	0.0028251790648122803
134.0	32.55027615056976	19.099194882524138	17.133396146913103	31.213483845220473	0.0036489747725248333
135.0	32.0352317566531	18.678256528088372	17.322576618791636	31.96010942201788	0.0038256744490159323
136.0	32.79612296917526	18.65504117459006	17.67882186301894	30.865230320241626	0.004783672974114496
137.0	31.905821667689416	18.559074491860645	17.39886065881599	32.13518584293978	0.0010573386941710484
138.0	32.679998817256234	18.775465951763767	17.381681270266807	31.161671216944775	0.00118274376841877
139.0	32.233835326977335	18.594261655701725	17.167237838758375	31.999266401464975	0.005398777097593614
140.0	32.95385706682746	18.51703164816868	17.53098780720404	30.994044950963712	0.004078526836106798
141.0	32.44241914112999	18.27529268675771	17.29830086628031	31.982618011059067	0.0013692947729185712
142.0	32.801701028563826	18.829296880865904	17.38063030429953	30.98682952903117	0.001542257239578704
143.0	32.42072397067367	18.653014783944137	17.097730268046757	31.82071095094387	0.007820026391565508
144.0	33.184620138160156	18.299251043067404	17.791398101197494	30.721752593139804	0.0029781244351387245
145.0	32.24430972410097	18.711051140151742	17.79284133478807	31.24865295963114	0.0031448413280790724
146.0	32.54894083241175	19.452337244373936	18.08084606627325	29.915605814392755	0.0022700425483069336
147.0	31.255625652932746	18.840342352079634	17.94661938700967	31.952325255003565	0.005087352974383393
148.0	32.16751095135662	18.328080878357177	17.708308808797025	31.786970227973683	0.009129133515499587
149.0	33.82490676296228	19.144248902720577	14.000672321496529	33.002581460840446	0.027590551980177087
150.0	32.84613036485051	21.608003369907784	11.998691986078995	33.54717427916271	0.0
