#Coverage	Number of genomic locations
0.0	6.4310022E7
1.0	1.8752551E7
2.0	2.2968553E7
3.0	1.8925516E7
4.0	2.1486839E7
5.0	1.9653582E7
6.0	2.138804E7
7.0	2.0075847E7
8.0	2.0573884E7
9.0	1.9142677E7
10.0	1.861156E7
11.0	1.7016724E7
12.0	1.5888406E7
13.0	1.4207029E7
14.0	1.2859339E7
15.0	1.1245205E7
16.0	9939303.0
17.0	8574291.0
18.0	7406603.0
19.0	6327646.0
20.0	5403105.0
21.0	4573468.0
22.0	3888988.0
23.0	3267248.0
24.0	2772721.0
25.0	2329731.0
26.0	1971315.0
27.0	1672969.0
28.0	1421067.0
29.0	1217385.0
30.0	1040745.0
31.0	902636.0
32.0	781709.0
33.0	682543.0
34.0	599164.0
35.0	526236.0
36.0	467860.0
37.0	418843.0
38.0	372720.0
39.0	334603.0
40.0	302812.0
41.0	273053.0
42.0	246905.0
43.0	224764.0
44.0	204138.0
45.0	186685.0
46.0	171624.0
47.0	158793.0
48.0	146339.0
49.0	137988.0
50.0	124344.0
51.0	115313.0
52.0	107240.0
53.0	98739.0
54.0	92629.0
55.0	84751.0
56.0	80509.0
57.0	74520.0
58.0	69558.0
59.0	65902.0
60.0	61458.0
61.0	57469.0
62.0	55059.0
63.0	51046.0
64.0	48063.0
65.0	45535.0
66.0	42825.0
67.0	39165.0
68.0	37407.0
69.0	35530.0
70.0	33459.0
71.0	32407.0
72.0	30318.0
73.0	28814.0
74.0	26964.0
75.0	25447.0
76.0	23966.0
77.0	22825.0
78.0	21570.0
79.0	19973.0
80.0	19795.0
81.0	18506.0
82.0	18005.0
83.0	16557.0
84.0	16244.0
85.0	15146.0
86.0	14377.0
87.0	14135.0
88.0	13477.0
89.0	12991.0
90.0	12369.0
91.0	11824.0
92.0	11283.0
93.0	10718.0
94.0	10418.0
95.0	10086.0
96.0	9973.0
97.0	9162.0
98.0	9190.0
99.0	8474.0
100.0	8126.0
101.0	7669.0
102.0	7485.0
103.0	7173.0
104.0	6888.0
105.0	6622.0
106.0	6655.0
107.0	6286.0
108.0	6106.0
109.0	5776.0
110.0	5724.0
111.0	5464.0
112.0	5121.0
113.0	5059.0
114.0	4895.0
115.0	4692.0
116.0	4540.0
117.0	4427.0
118.0	4095.0
119.0	4162.0
120.0	3914.0
121.0	3892.0
122.0	3741.0
123.0	3631.0
124.0	3327.0
125.0	3359.0
126.0	3089.0
127.0	3324.0
128.0	3096.0
129.0	3089.0
130.0	2885.0
131.0	2865.0
132.0	2620.0
133.0	2440.0
134.0	2398.0
135.0	2382.0
136.0	2294.0
137.0	2295.0
138.0	2293.0
139.0	2171.0
140.0	2232.0
141.0	2057.0
142.0	2104.0
143.0	1879.0
144.0	1965.0
145.0	1952.0
146.0	1880.0
147.0	1767.0
148.0	1728.0
149.0	1730.0
150.0	1779.0
151.0	1638.0
152.0	1719.0
153.0	1733.0
154.0	1654.0
155.0	1600.0
156.0	1571.0
157.0	1516.0
158.0	1627.0
159.0	1486.0
160.0	1393.0
161.0	1454.0
162.0	1390.0
163.0	1314.0
164.0	1186.0
165.0	1196.0
166.0	1191.0
167.0	1228.0
168.0	1176.0
169.0	1146.0
170.0	1198.0
171.0	1109.0
172.0	1113.0
173.0	1046.0
174.0	1051.0
175.0	1080.0
176.0	1011.0
177.0	999.0
178.0	947.0
179.0	934.0
180.0	938.0
181.0	929.0
182.0	927.0
183.0	913.0
184.0	845.0
185.0	882.0
186.0	873.0
187.0	887.0
188.0	839.0
189.0	804.0
190.0	775.0
191.0	736.0
192.0	764.0
193.0	705.0
194.0	730.0
195.0	733.0
196.0	731.0
197.0	687.0
198.0	658.0
199.0	677.0
200.0	613.0
201.0	636.0
202.0	601.0
203.0	632.0
204.0	578.0
205.0	601.0
206.0	537.0
207.0	545.0
208.0	556.0
209.0	555.0
210.0	605.0
211.0	571.0
212.0	579.0
213.0	577.0
214.0	554.0
215.0	581.0
216.0	512.0
217.0	512.0
218.0	530.0
219.0	586.0
220.0	541.0
221.0	554.0
222.0	448.0
223.0	445.0
224.0	450.0
225.0	471.0
226.0	448.0
227.0	430.0
228.0	438.0
229.0	381.0
230.0	404.0
231.0	425.0
232.0	442.0
233.0	395.0
234.0	402.0
235.0	394.0
236.0	392.0
237.0	352.0
238.0	404.0
239.0	370.0
240.0	373.0
241.0	347.0
242.0	396.0
243.0	374.0
244.0	356.0
245.0	393.0
246.0	345.0
247.0	334.0
248.0	360.0
249.0	354.0
250.0	344.0
251.0	327.0
252.0	353.0
253.0	359.0
254.0	364.0
255.0	363.0
256.0	336.0
257.0	334.0
258.0	346.0
259.0	316.0
260.0	328.0
261.0	327.0
262.0	295.0
263.0	335.0
264.0	305.0
265.0	312.0
266.0	281.0
267.0	255.0
268.0	279.0
269.0	266.0
270.0	285.0
271.0	295.0
272.0	264.0
273.0	258.0
274.0	265.0
275.0	272.0
276.0	257.0
277.0	273.0
278.0	253.0
279.0	235.0
280.0	224.0
281.0	237.0
282.0	201.0
283.0	211.0
284.0	227.0
285.0	225.0
286.0	215.0
287.0	211.0
288.0	200.0
289.0	203.0
290.0	204.0
291.0	194.0
292.0	153.0
293.0	194.0
294.0	198.0
295.0	191.0
296.0	216.0
297.0	175.0
298.0	164.0
299.0	197.0
300.0	183.0
301.0	172.0
302.0	186.0
303.0	212.0
304.0	194.0
305.0	172.0
306.0	152.0
307.0	152.0
308.0	155.0
309.0	155.0
310.0	133.0
311.0	127.0
312.0	131.0
313.0	152.0
314.0	136.0
315.0	164.0
316.0	115.0
317.0	130.0
318.0	121.0
319.0	131.0
320.0	146.0
321.0	134.0
322.0	144.0
323.0	131.0
324.0	143.0
325.0	138.0
326.0	148.0
327.0	143.0
328.0	127.0
329.0	149.0
330.0	110.0
331.0	132.0
332.0	143.0
333.0	119.0
334.0	140.0
335.0	143.0
336.0	132.0
337.0	138.0
338.0	125.0
339.0	131.0
340.0	164.0
341.0	140.0
342.0	133.0
343.0	129.0
344.0	127.0
345.0	146.0
346.0	154.0
347.0	124.0
348.0	127.0
349.0	151.0
350.0	107.0
351.0	142.0
352.0	125.0
353.0	136.0
354.0	128.0
355.0	108.0
356.0	128.0
357.0	110.0
358.0	114.0
359.0	98.0
360.0	94.0
361.0	102.0
362.0	113.0
363.0	108.0
364.0	120.0
365.0	119.0
366.0	128.0
367.0	100.0
368.0	113.0
369.0	107.0
370.0	107.0
371.0	92.0
372.0	104.0
373.0	105.0
374.0	119.0
375.0	104.0
376.0	110.0
377.0	87.0
378.0	100.0
379.0	99.0
380.0	92.0
381.0	89.0
382.0	91.0
383.0	72.0
384.0	85.0
385.0	103.0
386.0	84.0
387.0	75.0
388.0	86.0
389.0	80.0
390.0	87.0
391.0	76.0
392.0	98.0
393.0	80.0
394.0	96.0
395.0	93.0
396.0	72.0
397.0	93.0
398.0	83.0
399.0	76.0
400.0	98.0
401.0	92.0
402.0	85.0
403.0	82.0
404.0	84.0
405.0	87.0
406.0	70.0
407.0	62.0
408.0	91.0
409.0	68.0
410.0	67.0
411.0	75.0
412.0	78.0
413.0	66.0
414.0	50.0
415.0	70.0
416.0	71.0
417.0	69.0
418.0	72.0
419.0	72.0
420.0	59.0
421.0	61.0
422.0	58.0
423.0	72.0
424.0	77.0
425.0	57.0
426.0	52.0
427.0	56.0
428.0	53.0
429.0	54.0
430.0	55.0
431.0	64.0
432.0	58.0
433.0	36.0
434.0	55.0
435.0	45.0
436.0	49.0
437.0	46.0
438.0	56.0
439.0	43.0
440.0	52.0
441.0	47.0
442.0	49.0
443.0	49.0
444.0	59.0
445.0	66.0
446.0	60.0
447.0	44.0
448.0	48.0
449.0	50.0
450.0	50.0
451.0	54.0
452.0	72.0
453.0	52.0
454.0	45.0
455.0	53.0
456.0	53.0
457.0	48.0
458.0	41.0
459.0	45.0
460.0	41.0
461.0	51.0
462.0	47.0
463.0	42.0
464.0	34.0
465.0	45.0
466.0	42.0
467.0	39.0
468.0	31.0
469.0	49.0
470.0	47.0
471.0	42.0
472.0	46.0
473.0	52.0
474.0	52.0
475.0	68.0
476.0	53.0
477.0	52.0
478.0	46.0
479.0	54.0
480.0	52.0
481.0	44.0
482.0	48.0
483.0	49.0
484.0	33.0
485.0	31.0
486.0	42.0
487.0	52.0
488.0	41.0
489.0	65.0
490.0	41.0
491.0	58.0
492.0	50.0
493.0	59.0
494.0	46.0
495.0	52.0
496.0	58.0
497.0	47.0
498.0	47.0
499.0	51.0
500.0	51.0
501.0	48.0
502.0	39.0
503.0	53.0
504.0	61.0
505.0	46.0
506.0	42.0
507.0	55.0
508.0	40.0
509.0	65.0
510.0	64.0
511.0	52.0
512.0	52.0
513.0	65.0
514.0	64.0
515.0	66.0
516.0	50.0
517.0	54.0
518.0	62.0
519.0	45.0
520.0	49.0
521.0	57.0
522.0	46.0
523.0	48.0
524.0	44.0
525.0	55.0
526.0	39.0
527.0	41.0
528.0	44.0
529.0	62.0
530.0	38.0
531.0	40.0
532.0	38.0
533.0	48.0
534.0	42.0
535.0	47.0
536.0	43.0
537.0	37.0
538.0	33.0
539.0	33.0
540.0	38.0
541.0	46.0
542.0	41.0
543.0	33.0
544.0	39.0
545.0	44.0
546.0	36.0
547.0	34.0
548.0	39.0
549.0	32.0
550.0	31.0
551.0	34.0
552.0	28.0
553.0	40.0
554.0	45.0
555.0	37.0
556.0	49.0
557.0	50.0
558.0	44.0
559.0	52.0
560.0	35.0
561.0	49.0
562.0	45.0
563.0	43.0
564.0	50.0
565.0	40.0
566.0	36.0
567.0	43.0
568.0	42.0
569.0	31.0
570.0	42.0
571.0	40.0
572.0	38.0
573.0	46.0
574.0	39.0
575.0	48.0
576.0	53.0
577.0	42.0
578.0	35.0
579.0	47.0
580.0	42.0
581.0	39.0
582.0	34.0
583.0	44.0
584.0	59.0
585.0	43.0
586.0	45.0
587.0	44.0
588.0	33.0
589.0	46.0
590.0	47.0
591.0	34.0
592.0	39.0
593.0	36.0
594.0	44.0
595.0	44.0
596.0	43.0
597.0	41.0
598.0	50.0
599.0	40.0
600.0	42.0
601.0	37.0
602.0	54.0
603.0	44.0
604.0	44.0
605.0	43.0
606.0	53.0
607.0	41.0
608.0	36.0
609.0	54.0
610.0	44.0
611.0	30.0
612.0	40.0
613.0	32.0
614.0	32.0
615.0	39.0
616.0	38.0
617.0	41.0
618.0	50.0
619.0	46.0
620.0	45.0
621.0	42.0
622.0	43.0
623.0	38.0
624.0	33.0
625.0	43.0
626.0	38.0
627.0	27.0
628.0	32.0
629.0	29.0
630.0	27.0
631.0	23.0
632.0	32.0
633.0	37.0
634.0	36.0
635.0	32.0
636.0	28.0
637.0	30.0
638.0	22.0
639.0	32.0
640.0	47.0
641.0	32.0
642.0	28.0
643.0	29.0
644.0	32.0
645.0	45.0
646.0	37.0
647.0	31.0
648.0	32.0
649.0	37.0
650.0	29.0
651.0	27.0
652.0	27.0
653.0	27.0
654.0	39.0
655.0	35.0
656.0	32.0
657.0	27.0
658.0	35.0
659.0	35.0
660.0	37.0
661.0	30.0
662.0	35.0
663.0	36.0
664.0	32.0
665.0	31.0
666.0	33.0
667.0	43.0
668.0	30.0
669.0	31.0
670.0	30.0
671.0	33.0
672.0	27.0
673.0	28.0
674.0	32.0
675.0	34.0
676.0	29.0
677.0	17.0
678.0	26.0
679.0	36.0
680.0	19.0
681.0	34.0
682.0	24.0
683.0	24.0
684.0	23.0
685.0	21.0
686.0	32.0
687.0	32.0
688.0	15.0
689.0	25.0
690.0	30.0
691.0	39.0
692.0	31.0
693.0	32.0
694.0	20.0
695.0	46.0
696.0	34.0
697.0	16.0
698.0	34.0
699.0	25.0
700.0	27.0
701.0	23.0
702.0	23.0
703.0	27.0
704.0	24.0
705.0	16.0
706.0	24.0
707.0	19.0
708.0	22.0
709.0	24.0
710.0	19.0
711.0	23.0
712.0	21.0
713.0	16.0
714.0	20.0
715.0	19.0
716.0	20.0
717.0	18.0
718.0	18.0
719.0	15.0
720.0	22.0
721.0	19.0
722.0	7.0
723.0	18.0
724.0	12.0
725.0	16.0
726.0	16.0
727.0	23.0
728.0	21.0
729.0	25.0
730.0	24.0
731.0	21.0
732.0	26.0
733.0	19.0
734.0	27.0
735.0	18.0
736.0	19.0
737.0	26.0
738.0	22.0
739.0	23.0
740.0	16.0
741.0	21.0
742.0	27.0
743.0	18.0
744.0	16.0
745.0	18.0
746.0	13.0
747.0	16.0
748.0	17.0
749.0	19.0
750.0	18.0
751.0	23.0
752.0	23.0
753.0	23.0
754.0	12.0
755.0	25.0
756.0	17.0
757.0	22.0
758.0	18.0
759.0	22.0
760.0	12.0
761.0	14.0
762.0	19.0
763.0	24.0
764.0	15.0
765.0	12.0
766.0	20.0
767.0	21.0
768.0	16.0
769.0	11.0
770.0	16.0
771.0	18.0
772.0	15.0
773.0	19.0
774.0	9.0
775.0	9.0
776.0	14.0
777.0	21.0
778.0	14.0
779.0	9.0
780.0	13.0
781.0	14.0
782.0	14.0
783.0	17.0
784.0	11.0
785.0	12.0
786.0	8.0
787.0	20.0
788.0	17.0
789.0	11.0
790.0	14.0
791.0	7.0
792.0	11.0
793.0	11.0
794.0	16.0
795.0	8.0
796.0	11.0
797.0	11.0
798.0	11.0
799.0	9.0
800.0	12.0
801.0	9.0
802.0	13.0
803.0	12.0
804.0	17.0
805.0	11.0
806.0	10.0
807.0	12.0
808.0	15.0
809.0	10.0
810.0	13.0
811.0	15.0
812.0	6.0
813.0	12.0
814.0	13.0
815.0	10.0
816.0	8.0
817.0	10.0
818.0	11.0
819.0	12.0
820.0	9.0
821.0	13.0
822.0	13.0
823.0	11.0
824.0	16.0
825.0	10.0
826.0	18.0
827.0	6.0
828.0	7.0
829.0	14.0
830.0	10.0
831.0	16.0
832.0	18.0
833.0	15.0
834.0	9.0
835.0	8.0
836.0	4.0
837.0	14.0
838.0	7.0
839.0	11.0
840.0	2.0
841.0	8.0
842.0	9.0
843.0	7.0
844.0	7.0
845.0	5.0
846.0	10.0
847.0	9.0
848.0	4.0
849.0	12.0
850.0	5.0
851.0	11.0
852.0	14.0
853.0	11.0
854.0	8.0
855.0	5.0
856.0	11.0
857.0	9.0
858.0	13.0
859.0	12.0
860.0	8.0
861.0	6.0
862.0	9.0
863.0	15.0
864.0	12.0
865.0	7.0
866.0	16.0
867.0	15.0
868.0	9.0
869.0	15.0
870.0	15.0
871.0	6.0
872.0	13.0
873.0	16.0
874.0	10.0
875.0	8.0
876.0	10.0
877.0	11.0
878.0	13.0
879.0	10.0
880.0	6.0
881.0	14.0
882.0	14.0
883.0	5.0
884.0	12.0
885.0	10.0
886.0	10.0
887.0	10.0
888.0	6.0
889.0	13.0
890.0	5.0
891.0	8.0
892.0	11.0
893.0	9.0
894.0	5.0
895.0	10.0
896.0	12.0
897.0	13.0
898.0	17.0
899.0	13.0
900.0	6.0
901.0	9.0
902.0	10.0
903.0	10.0
904.0	7.0
905.0	7.0
906.0	5.0
907.0	12.0
908.0	3.0
909.0	7.0
910.0	4.0
911.0	7.0
912.0	7.0
913.0	10.0
914.0	4.0
915.0	5.0
916.0	12.0
917.0	7.0
918.0	15.0
919.0	8.0
920.0	4.0
921.0	5.0
922.0	5.0
923.0	11.0
924.0	11.0
925.0	5.0
926.0	7.0
927.0	4.0
928.0	8.0
929.0	12.0
930.0	5.0
931.0	8.0
932.0	10.0
933.0	13.0
934.0	8.0
935.0	8.0
936.0	3.0
937.0	10.0
938.0	5.0
939.0	4.0
940.0	7.0
941.0	6.0
942.0	5.0
943.0	4.0
945.0	6.0
946.0	7.0
947.0	1.0
948.0	8.0
949.0	7.0
950.0	11.0
951.0	5.0
952.0	12.0
953.0	4.0
954.0	9.0
955.0	4.0
956.0	4.0
957.0	4.0
958.0	6.0
959.0	3.0
960.0	3.0
961.0	6.0
962.0	4.0
963.0	8.0
964.0	5.0
965.0	5.0
966.0	6.0
967.0	8.0
968.0	1.0
969.0	7.0
970.0	7.0
971.0	10.0
972.0	9.0
973.0	6.0
974.0	5.0
975.0	2.0
976.0	7.0
977.0	3.0
978.0	3.0
979.0	5.0
980.0	2.0
981.0	6.0
982.0	3.0
983.0	3.0
984.0	4.0
985.0	9.0
986.0	5.0
987.0	4.0
988.0	6.0
989.0	3.0
990.0	11.0
991.0	5.0
992.0	6.0
993.0	5.0
994.0	2.0
995.0	10.0
996.0	2.0
997.0	8.0
998.0	4.0
999.0	5.0
1000.0	5.0
1001.0	2.0
1002.0	4.0
1003.0	4.0
1004.0	4.0
1005.0	4.0
1006.0	6.0
1007.0	10.0
1008.0	5.0
1009.0	3.0
1010.0	9.0
1011.0	3.0
1012.0	7.0
1013.0	5.0
1014.0	5.0
1015.0	4.0
1016.0	6.0
1017.0	3.0
1018.0	6.0
1019.0	4.0
1020.0	5.0
1021.0	3.0
1022.0	5.0
1023.0	4.0
1024.0	7.0
1025.0	2.0
1026.0	7.0
1027.0	7.0
1028.0	3.0
1029.0	5.0
1030.0	6.0
1031.0	7.0
1032.0	1.0
1033.0	6.0
1034.0	8.0
1035.0	2.0
1036.0	3.0
1037.0	6.0
1038.0	4.0
1039.0	3.0
1040.0	3.0
1041.0	5.0
1042.0	2.0
1043.0	4.0
1044.0	8.0
1045.0	6.0
1046.0	3.0
1047.0	2.0
1048.0	4.0
1049.0	2.0
1050.0	5.0
1051.0	6.0
1052.0	1.0
1053.0	2.0
1054.0	3.0
1055.0	3.0
1056.0	6.0
1057.0	4.0
1058.0	5.0
1059.0	4.0
1060.0	4.0
1061.0	5.0
1062.0	4.0
1063.0	4.0
1064.0	5.0
1065.0	2.0
1066.0	2.0
1067.0	2.0
1068.0	3.0
1069.0	3.0
1070.0	5.0
1071.0	1.0
1072.0	5.0
1073.0	8.0
1074.0	4.0
1075.0	3.0
1076.0	2.0
1077.0	2.0
1078.0	4.0
1079.0	3.0
1080.0	4.0
1081.0	1.0
1082.0	3.0
1084.0	6.0
1085.0	3.0
1086.0	3.0
1087.0	1.0
1088.0	1.0
1089.0	3.0
1090.0	2.0
1091.0	3.0
1092.0	2.0
1093.0	4.0
1094.0	2.0
1096.0	5.0
1097.0	3.0
1098.0	3.0
1099.0	6.0
1100.0	1.0
1101.0	1.0
1102.0	2.0
1103.0	2.0
1104.0	1.0
1105.0	4.0
1106.0	2.0
1107.0	2.0
1108.0	1.0
1109.0	5.0
1110.0	2.0
1111.0	4.0
1112.0	3.0
1113.0	2.0
1114.0	4.0
1115.0	4.0
1116.0	1.0
1117.0	3.0
1118.0	5.0
1119.0	7.0
1120.0	6.0
1121.0	3.0
1122.0	7.0
1123.0	8.0
1124.0	3.0
1125.0	2.0
1126.0	3.0
1127.0	7.0
1128.0	4.0
1129.0	8.0
1130.0	1.0
1131.0	6.0
1132.0	6.0
1133.0	12.0
1134.0	5.0
1135.0	5.0
1136.0	4.0
1137.0	11.0
1138.0	2.0
1139.0	4.0
1140.0	3.0
1141.0	7.0
1142.0	8.0
1143.0	1.0
1144.0	7.0
1145.0	5.0
1146.0	3.0
1147.0	4.0
1148.0	2.0
1149.0	2.0
1150.0	6.0
1151.0	4.0
1152.0	4.0
1153.0	2.0
1154.0	4.0
1155.0	2.0
1156.0	8.0
1157.0	2.0
1158.0	2.0
1159.0	4.0
1160.0	4.0
1161.0	5.0
1162.0	1.0
1163.0	2.0
1164.0	2.0
1165.0	6.0
1166.0	5.0
1167.0	7.0
1168.0	5.0
1169.0	3.0
1170.0	9.0
1171.0	5.0
1172.0	1.0
1173.0	4.0
1174.0	4.0
1175.0	4.0
1176.0	3.0
1177.0	4.0
1178.0	1.0
1179.0	5.0
1180.0	3.0
1182.0	1.0
1183.0	2.0
1185.0	2.0
1186.0	1.0
1187.0	2.0
1188.0	4.0
1189.0	2.0
1190.0	2.0
1191.0	3.0
1192.0	2.0
1193.0	2.0
1194.0	5.0
1195.0	7.0
1196.0	3.0
1197.0	2.0
1198.0	2.0
1199.0	2.0
1200.0	4.0
1201.0	2.0
1202.0	2.0
1203.0	6.0
1204.0	4.0
1205.0	2.0
1206.0	2.0
1207.0	7.0
1208.0	5.0
1209.0	1.0
1210.0	3.0
1211.0	2.0
1213.0	2.0
1214.0	1.0
1215.0	3.0
1216.0	5.0
1217.0	4.0
1218.0	2.0
1220.0	5.0
1221.0	4.0
1222.0	6.0
1223.0	5.0
1224.0	2.0
1225.0	2.0
1226.0	4.0
1227.0	2.0
1228.0	7.0
1229.0	5.0
1230.0	3.0
1231.0	4.0
1232.0	5.0
1233.0	4.0
1234.0	1.0
1235.0	5.0
1236.0	4.0
1237.0	5.0
1238.0	4.0
1239.0	2.0
1240.0	6.0
1241.0	5.0
1242.0	5.0
1243.0	4.0
1244.0	3.0
1245.0	3.0
1246.0	3.0
1247.0	4.0
1248.0	6.0
1249.0	1.0
1250.0	2.0
1251.0	1.0
1252.0	5.0
1253.0	1.0
1254.0	4.0
1255.0	5.0
1256.0	3.0
1257.0	3.0
1258.0	1.0
1259.0	6.0
1260.0	4.0
1261.0	1.0
1262.0	3.0
1263.0	1.0
1264.0	7.0
1266.0	3.0
1267.0	1.0
1268.0	4.0
1269.0	5.0
1270.0	1.0
1271.0	6.0
1272.0	5.0
1273.0	3.0
1274.0	4.0
1275.0	1.0
1276.0	2.0
1277.0	2.0
1278.0	4.0
1279.0	3.0
1280.0	1.0
1281.0	2.0
1282.0	1.0
1283.0	2.0
1284.0	3.0
1285.0	2.0
1286.0	2.0
1287.0	5.0
1288.0	1.0
1289.0	3.0
1290.0	2.0
1291.0	1.0
1292.0	4.0
1293.0	2.0
1294.0	2.0
1295.0	2.0
1296.0	2.0
1297.0	2.0
1298.0	3.0
1299.0	1.0
1301.0	2.0
1302.0	2.0
1303.0	1.0
1304.0	1.0
1305.0	2.0
1306.0	3.0
1307.0	3.0
1308.0	2.0
1309.0	4.0
1310.0	3.0
1311.0	4.0
1312.0	3.0
1314.0	2.0
1315.0	2.0
1316.0	1.0
1317.0	3.0
1319.0	7.0
1320.0	1.0
1321.0	3.0
1322.0	3.0
1323.0	4.0
1324.0	1.0
1325.0	4.0
1326.0	4.0
1327.0	5.0
1328.0	1.0
1329.0	3.0
1330.0	10.0
1331.0	2.0
1332.0	1.0
1333.0	2.0
1334.0	4.0
1335.0	3.0
1336.0	3.0
1337.0	4.0
1338.0	1.0
1339.0	1.0
1340.0	7.0
1341.0	4.0
1342.0	6.0
1343.0	4.0
1344.0	3.0
1345.0	2.0
1346.0	1.0
1347.0	3.0
1348.0	2.0
1349.0	4.0
1350.0	2.0
1351.0	4.0
1352.0	1.0
1354.0	1.0
1355.0	1.0
1356.0	2.0
1357.0	1.0
1358.0	2.0
1359.0	1.0
1360.0	3.0
1361.0	2.0
1362.0	4.0
1363.0	5.0
1364.0	1.0
1365.0	1.0
1366.0	1.0
1367.0	1.0
1368.0	3.0
1369.0	1.0
1371.0	3.0
1372.0	2.0
1373.0	1.0
1374.0	2.0
1375.0	5.0
1376.0	3.0
1377.0	1.0
1378.0	1.0
1379.0	2.0
1380.0	2.0
1381.0	3.0
1382.0	1.0
1385.0	5.0
1386.0	4.0
1387.0	2.0
1388.0	3.0
1389.0	1.0
1390.0	3.0
1391.0	3.0
1392.0	3.0
1393.0	1.0
1394.0	2.0
1395.0	2.0
1396.0	1.0
1397.0	2.0
1398.0	4.0
1399.0	4.0
1400.0	1.0
1401.0	1.0
1402.0	4.0
1403.0	1.0
1404.0	3.0
1405.0	1.0
1406.0	1.0
1407.0	1.0
1408.0	4.0
1409.0	2.0
1410.0	3.0
1411.0	2.0
1412.0	2.0
1413.0	4.0
1414.0	3.0
1415.0	3.0
1416.0	2.0
1418.0	1.0
1420.0	4.0
1421.0	1.0
1422.0	2.0
1424.0	3.0
1425.0	5.0
1426.0	1.0
1427.0	3.0
1428.0	3.0
1429.0	1.0
1430.0	1.0
1431.0	5.0
1432.0	1.0
1433.0	2.0
1434.0	3.0
1435.0	2.0
1436.0	4.0
1437.0	5.0
1438.0	1.0
1439.0	4.0
1441.0	1.0
1442.0	2.0
1443.0	2.0
1444.0	2.0
1445.0	4.0
1446.0	6.0
1447.0	6.0
1448.0	6.0
1449.0	2.0
1450.0	6.0
1451.0	5.0
1452.0	6.0
1453.0	5.0
1454.0	4.0
1455.0	5.0
1456.0	1.0
1457.0	5.0
1458.0	3.0
1459.0	2.0
1460.0	2.0
1461.0	4.0
1463.0	4.0
1464.0	1.0
1465.0	3.0
1466.0	1.0
1467.0	1.0
1468.0	4.0
1469.0	4.0
1470.0	2.0
1471.0	3.0
1472.0	3.0
1473.0	3.0
1474.0	2.0
1475.0	1.0
1476.0	5.0
1477.0	3.0
1478.0	2.0
1479.0	5.0
1480.0	3.0
1482.0	3.0
1483.0	3.0
1484.0	2.0
1485.0	2.0
1486.0	6.0
1487.0	2.0
1488.0	1.0
1490.0	2.0
1491.0	1.0
1492.0	3.0
1494.0	4.0
1495.0	5.0
1496.0	5.0
1497.0	2.0
1498.0	2.0
1499.0	6.0
1500.0	6.0
1501.0	2.0
1502.0	3.0
1503.0	4.0
1504.0	2.0
1505.0	2.0
1506.0	5.0
1507.0	1.0
1508.0	6.0
1509.0	4.0
1511.0	5.0
1512.0	11.0
1513.0	7.0
1514.0	10.0
1515.0	8.0
1516.0	4.0
1517.0	4.0
1518.0	6.0
1519.0	5.0
1520.0	3.0
1521.0	1.0
1522.0	1.0
1524.0	1.0
1525.0	2.0
1526.0	4.0
1527.0	4.0
1528.0	2.0
1529.0	1.0
1530.0	2.0
1531.0	4.0
1532.0	4.0
1533.0	3.0
1534.0	3.0
1535.0	1.0
1536.0	1.0
1537.0	1.0
1539.0	2.0
1540.0	4.0
1541.0	1.0
1542.0	3.0
1543.0	2.0
1544.0	3.0
1545.0	2.0
1546.0	1.0
1548.0	1.0
1549.0	4.0
1550.0	2.0
1552.0	5.0
1553.0	3.0
1554.0	2.0
1555.0	1.0
1556.0	1.0
1557.0	2.0
1559.0	2.0
1561.0	3.0
1562.0	2.0
1563.0	3.0
1564.0	2.0
1565.0	4.0
1566.0	2.0
1567.0	1.0
1568.0	1.0
1570.0	4.0
1571.0	4.0
1572.0	1.0
1573.0	3.0
1574.0	2.0
1575.0	2.0
1576.0	2.0
1577.0	3.0
1578.0	2.0
1579.0	1.0
1580.0	3.0
1582.0	1.0
1583.0	2.0
1584.0	4.0
1585.0	1.0
1586.0	2.0
1587.0	3.0
1588.0	3.0
1589.0	3.0
1590.0	3.0
1591.0	3.0
1592.0	1.0
1593.0	1.0
1594.0	1.0
1595.0	4.0
1596.0	3.0
1597.0	1.0
1598.0	5.0
1599.0	3.0
1602.0	3.0
1604.0	1.0
1605.0	1.0
1606.0	2.0
1607.0	2.0
1609.0	2.0
1611.0	1.0
1612.0	1.0
1613.0	3.0
1614.0	1.0
1616.0	1.0
1617.0	4.0
1618.0	2.0
1620.0	2.0
1621.0	2.0
1622.0	1.0
1623.0	2.0
1624.0	5.0
1625.0	2.0
1626.0	2.0
1627.0	1.0
1628.0	2.0
1630.0	1.0
1633.0	5.0
1634.0	2.0
1635.0	1.0
1637.0	1.0
1638.0	1.0
1640.0	1.0
1641.0	1.0
1642.0	2.0
1643.0	2.0
1644.0	1.0
1645.0	3.0
1646.0	3.0
1647.0	3.0
1648.0	3.0
1649.0	1.0
1650.0	2.0
1651.0	2.0
1652.0	3.0
1653.0	1.0
1655.0	2.0
1656.0	1.0
1657.0	1.0
1658.0	1.0
1661.0	1.0
1662.0	2.0
1664.0	3.0
1665.0	1.0
1667.0	2.0
1668.0	2.0
1670.0	1.0
1671.0	1.0
1672.0	2.0
1673.0	2.0
1674.0	1.0
1675.0	2.0
1678.0	2.0
1680.0	3.0
1681.0	2.0
1682.0	3.0
1684.0	3.0
1685.0	2.0
1687.0	1.0
1689.0	2.0
1690.0	2.0
1691.0	2.0
1692.0	3.0
1693.0	3.0
1695.0	2.0
1696.0	1.0
1697.0	2.0
1698.0	4.0
1699.0	2.0
1700.0	1.0
1701.0	4.0
1702.0	2.0
1704.0	4.0
1706.0	1.0
1709.0	3.0
1710.0	7.0
1711.0	4.0
1712.0	3.0
1713.0	3.0
1714.0	2.0
1715.0	5.0
1716.0	1.0
1717.0	6.0
1719.0	8.0
1720.0	2.0
1721.0	2.0
1722.0	2.0
1723.0	1.0
1725.0	3.0
1726.0	2.0
1728.0	3.0
1729.0	2.0
1730.0	1.0
1731.0	1.0
1733.0	4.0
1735.0	3.0
1736.0	2.0
1737.0	4.0
1738.0	1.0
1739.0	2.0
1740.0	1.0
1741.0	5.0
1742.0	3.0
1743.0	3.0
1744.0	2.0
1745.0	1.0
1746.0	1.0
1747.0	2.0
1748.0	1.0
1749.0	1.0
1750.0	2.0
1751.0	1.0
1752.0	3.0
1753.0	4.0
1754.0	1.0
1755.0	2.0
1756.0	4.0
1757.0	3.0
1758.0	2.0
1759.0	3.0
1760.0	4.0
1762.0	5.0
1763.0	1.0
1764.0	1.0
1765.0	1.0
1766.0	3.0
1767.0	3.0
1768.0	1.0
1769.0	1.0
1771.0	1.0
1772.0	1.0
1773.0	3.0
1774.0	1.0
1775.0	1.0
1776.0	1.0
1777.0	1.0
1778.0	3.0
1779.0	2.0
1780.0	1.0
1782.0	2.0
1783.0	2.0
1784.0	1.0
1786.0	3.0
1788.0	2.0
1789.0	1.0
1791.0	2.0
1793.0	1.0
1794.0	2.0
1795.0	1.0
1796.0	5.0
1798.0	3.0
1799.0	1.0
1801.0	2.0
1803.0	3.0
1804.0	2.0
1806.0	2.0
1808.0	2.0
1809.0	2.0
1810.0	1.0
1811.0	1.0
1812.0	1.0
1815.0	1.0
1816.0	2.0
1817.0	1.0
1819.0	1.0
1820.0	1.0
1822.0	2.0
1824.0	2.0
1825.0	1.0
1826.0	1.0
1827.0	1.0
1828.0	1.0
1829.0	1.0
1830.0	1.0
1831.0	3.0
1833.0	2.0
1834.0	1.0
1835.0	1.0
1836.0	1.0
1837.0	2.0
1838.0	1.0
1840.0	1.0
1841.0	1.0
1842.0	1.0
1843.0	3.0
1844.0	1.0
1845.0	1.0
1848.0	1.0
1849.0	1.0
1850.0	1.0
1852.0	1.0
1853.0	4.0
1854.0	1.0
1856.0	1.0
1857.0	1.0
1858.0	4.0
1859.0	2.0
1860.0	2.0
1861.0	3.0
1862.0	1.0
1864.0	2.0
1866.0	3.0
1869.0	2.0
1872.0	1.0
1873.0	2.0
1875.0	1.0
1876.0	3.0
1877.0	1.0
1880.0	2.0
1881.0	1.0
1882.0	1.0
1884.0	1.0
1885.0	1.0
1887.0	3.0
1888.0	1.0
1890.0	2.0
1892.0	2.0
1893.0	2.0
1894.0	1.0
1895.0	1.0
1896.0	1.0
1897.0	2.0
1898.0	1.0
1901.0	2.0
1902.0	1.0
1904.0	1.0
1905.0	3.0
1908.0	2.0
1910.0	2.0
1912.0	1.0
1913.0	1.0
1914.0	1.0
1915.0	3.0
1916.0	1.0
1917.0	1.0
1918.0	1.0
1919.0	1.0
1923.0	1.0
1924.0	3.0
1925.0	1.0
1930.0	1.0
1931.0	1.0
1932.0	2.0
1934.0	2.0
1942.0	1.0
1943.0	1.0
1944.0	1.0
1945.0	2.0
1947.0	2.0
1950.0	2.0
1952.0	1.0
1953.0	1.0
1955.0	2.0
1956.0	1.0
1958.0	1.0
1964.0	1.0
1967.0	1.0
1969.0	2.0
1970.0	2.0
1974.0	1.0
1978.0	1.0
1981.0	1.0
1982.0	1.0
1983.0	1.0
1986.0	2.0
1989.0	2.0
1990.0	3.0
1995.0	1.0
1997.0	1.0
1998.0	1.0
1999.0	4.0
2001.0	1.0
2003.0	1.0
2004.0	1.0
2005.0	1.0
2006.0	2.0
2009.0	1.0
2011.0	2.0
2014.0	1.0
2015.0	2.0
2017.0	1.0
2018.0	1.0
2019.0	1.0
2020.0	1.0
2021.0	2.0
2026.0	1.0
2027.0	1.0
2030.0	1.0
2031.0	2.0
2033.0	1.0
2034.0	1.0
2037.0	2.0
2040.0	1.0
2043.0	1.0
2046.0	2.0
2048.0	2.0
2050.0	1.0
2054.0	2.0
2055.0	2.0
2058.0	1.0
2061.0	1.0
2063.0	1.0
2064.0	1.0
2066.0	1.0
2067.0	1.0
2068.0	1.0
2071.0	2.0
2072.0	1.0
2076.0	1.0
2077.0	2.0
2081.0	2.0
2082.0	1.0
2083.0	1.0
2084.0	1.0
2085.0	1.0
2086.0	3.0
2087.0	1.0
2092.0	3.0
2097.0	1.0
2098.0	2.0
2099.0	1.0
2100.0	1.0
2101.0	1.0
2102.0	2.0
2104.0	1.0
2107.0	2.0
2108.0	2.0
2109.0	1.0
2110.0	2.0
2113.0	3.0
2117.0	1.0
2118.0	1.0
2119.0	3.0
2120.0	1.0
2121.0	2.0
2124.0	1.0
2125.0	1.0
2126.0	3.0
2128.0	1.0
2129.0	2.0
2130.0	1.0
2132.0	1.0
2134.0	3.0
2135.0	4.0
2136.0	2.0
2137.0	1.0
2138.0	3.0
2139.0	2.0
2140.0	1.0
2141.0	4.0
2142.0	1.0
2143.0	2.0
2144.0	1.0
2145.0	1.0
2146.0	1.0
2147.0	1.0
2148.0	1.0
2149.0	1.0
2151.0	1.0
2153.0	1.0
2154.0	2.0
2156.0	1.0
2162.0	1.0
2163.0	2.0
2166.0	1.0
2168.0	2.0
2169.0	2.0
2170.0	1.0
2174.0	1.0
2178.0	1.0
2179.0	1.0
2180.0	3.0
2182.0	1.0
2183.0	1.0
2185.0	1.0
2186.0	1.0
2187.0	1.0
2188.0	1.0
2189.0	1.0
2194.0	1.0
2195.0	1.0
2196.0	2.0
2199.0	1.0
2200.0	1.0
2202.0	1.0
2203.0	1.0
2204.0	1.0
2205.0	1.0
2208.0	2.0
2209.0	1.0
2210.0	1.0
2211.0	1.0
2213.0	2.0
2216.0	3.0
2217.0	1.0
2219.0	2.0
2222.0	1.0
2223.0	1.0
2225.0	1.0
2226.0	1.0
2227.0	1.0
2229.0	2.0
2232.0	1.0
2233.0	1.0
2234.0	1.0
2235.0	1.0
2237.0	1.0
2238.0	1.0
2239.0	1.0
2240.0	1.0
2241.0	1.0
2242.0	1.0
2243.0	3.0
2244.0	1.0
2245.0	1.0
2248.0	1.0
2250.0	1.0
2251.0	1.0
2253.0	1.0
2254.0	1.0
2255.0	2.0
2256.0	2.0
2258.0	1.0
2259.0	2.0
2261.0	1.0
2262.0	1.0
2263.0	1.0
2265.0	1.0
2266.0	4.0
2267.0	3.0
2268.0	1.0
2269.0	2.0
2270.0	2.0
2271.0	1.0
2272.0	3.0
2273.0	1.0
2274.0	2.0
2275.0	2.0
2276.0	1.0
2277.0	3.0
2279.0	1.0
2282.0	1.0
2285.0	4.0
2290.0	1.0
2291.0	1.0
2295.0	1.0
2296.0	1.0
2297.0	2.0
2298.0	2.0
2305.0	1.0
2309.0	2.0
2311.0	2.0
2314.0	1.0
2316.0	1.0
2317.0	1.0
2318.0	3.0
2320.0	2.0
2321.0	1.0
2322.0	1.0
2324.0	1.0
2325.0	1.0
2331.0	2.0
2332.0	1.0
2335.0	1.0
2337.0	4.0
2338.0	1.0
2339.0	1.0
2341.0	2.0
2342.0	2.0
2347.0	1.0
2348.0	1.0
2349.0	1.0
2352.0	1.0
2353.0	1.0
2355.0	1.0
2358.0	3.0
2363.0	2.0
2364.0	1.0
2368.0	1.0
2369.0	2.0
2370.0	1.0
2376.0	2.0
2378.0	3.0
2382.0	1.0
2384.0	1.0
2391.0	1.0
2394.0	1.0
2395.0	2.0
2401.0	1.0
2402.0	1.0
2405.0	1.0
2406.0	2.0
2407.0	2.0
2408.0	1.0
2411.0	2.0
2414.0	2.0
2416.0	3.0
2417.0	1.0
2418.0	1.0
2420.0	1.0
2422.0	2.0
2425.0	2.0
2426.0	1.0
2428.0	1.0
2429.0	1.0
2430.0	4.0
2431.0	1.0
2433.0	3.0
2434.0	2.0
2436.0	1.0
2439.0	1.0
2441.0	1.0
2442.0	2.0
2443.0	1.0
2445.0	1.0
2446.0	3.0
2447.0	2.0
2449.0	1.0
2452.0	3.0
2453.0	1.0
2454.0	1.0
2455.0	2.0
2456.0	1.0
2457.0	1.0
2458.0	1.0
2460.0	1.0
2461.0	1.0
2463.0	1.0
2465.0	1.0
2473.0	1.0
2474.0	1.0
2483.0	1.0
2485.0	2.0
2486.0	2.0
2491.0	1.0
2492.0	2.0
2495.0	2.0
2500.0	1.0
2503.0	1.0
2504.0	1.0
2509.0	1.0
2510.0	3.0
2517.0	1.0
2518.0	1.0
2521.0	1.0
2523.0	1.0
2525.0	1.0
2526.0	1.0
2528.0	1.0
2529.0	1.0
2530.0	1.0
2531.0	1.0
2535.0	2.0
2537.0	3.0
2538.0	1.0
2542.0	1.0
2545.0	1.0
2548.0	1.0
2550.0	1.0
2554.0	1.0
2555.0	1.0
2558.0	1.0
2559.0	1.0
2561.0	1.0
2562.0	3.0
2569.0	1.0
2570.0	1.0
2574.0	2.0
2576.0	1.0
2579.0	1.0
2581.0	1.0
2582.0	1.0
2584.0	1.0
2585.0	1.0
2586.0	1.0
2587.0	1.0
2588.0	2.0
2589.0	1.0
2591.0	1.0
2592.0	1.0
2594.0	2.0
2598.0	2.0
2600.0	1.0
2602.0	1.0
2603.0	1.0
2604.0	1.0
2607.0	1.0
2608.0	1.0
2609.0	2.0
2610.0	1.0
2611.0	2.0
2614.0	1.0
2616.0	1.0
2620.0	1.0
2630.0	1.0
2631.0	1.0
2632.0	2.0
2637.0	1.0
2643.0	1.0
2645.0	1.0
2646.0	1.0
2650.0	1.0
2658.0	1.0
2665.0	1.0
2674.0	1.0
2679.0	1.0
2684.0	1.0
2688.0	1.0
2690.0	1.0
2696.0	1.0
2700.0	1.0
2702.0	1.0
2708.0	1.0
2709.0	2.0
2715.0	1.0
2723.0	1.0
2726.0	1.0
2734.0	2.0
2740.0	1.0
2748.0	1.0
2752.0	1.0
2755.0	1.0
2756.0	1.0
2760.0	1.0
2762.0	2.0
2763.0	1.0
2766.0	1.0
2773.0	1.0
2774.0	1.0
2776.0	1.0
2781.0	1.0
2789.0	1.0
2791.0	1.0
2792.0	1.0
2794.0	1.0
2795.0	2.0
2796.0	2.0
2800.0	1.0
2802.0	1.0
2805.0	1.0
2809.0	1.0
2818.0	1.0
2824.0	1.0
2829.0	1.0
2833.0	1.0
2837.0	1.0
2838.0	1.0
2842.0	2.0
2843.0	1.0
2844.0	2.0
2850.0	1.0
2851.0	1.0
2858.0	1.0
2859.0	1.0
2861.0	1.0
2865.0	2.0
2871.0	1.0
2875.0	1.0
2876.0	1.0
2883.0	1.0
2884.0	1.0
2888.0	1.0
2890.0	1.0
2894.0	2.0
2895.0	1.0
2896.0	1.0
2899.0	1.0
2900.0	1.0
2901.0	2.0
2902.0	2.0
2906.0	1.0
2908.0	1.0
2913.0	1.0
2921.0	1.0
2922.0	1.0
2923.0	1.0
2925.0	1.0
2929.0	1.0
2931.0	1.0
2932.0	1.0
2934.0	1.0
2936.0	1.0
2938.0	1.0
2941.0	2.0
2942.0	1.0
2944.0	1.0
2946.0	1.0
2948.0	1.0
2949.0	1.0
2950.0	1.0
2955.0	3.0
2959.0	1.0
2961.0	1.0
2963.0	2.0
2964.0	1.0
2966.0	2.0
2969.0	1.0
2970.0	1.0
2971.0	2.0
2973.0	1.0
2974.0	1.0
2975.0	1.0
2976.0	1.0
2980.0	1.0
2983.0	1.0
2986.0	1.0
2987.0	1.0
2988.0	1.0
2991.0	1.0
2992.0	2.0
2994.0	2.0
2995.0	2.0
2996.0	1.0
2997.0	2.0
2999.0	1.0
3000.0	1.0
3002.0	1.0
3004.0	4.0
3005.0	1.0
3022.0	1.0
3023.0	1.0
3024.0	1.0
3026.0	1.0
3031.0	1.0
3033.0	1.0
3034.0	2.0
3040.0	1.0
3054.0	2.0
3055.0	2.0
3063.0	1.0
3064.0	1.0
3067.0	1.0
3068.0	1.0
3070.0	1.0
3074.0	2.0
3078.0	1.0
3091.0	1.0
3092.0	3.0
3097.0	1.0
3098.0	1.0
3100.0	1.0
3101.0	1.0
3109.0	1.0
3111.0	1.0
3112.0	1.0
3115.0	1.0
3118.0	1.0
3121.0	1.0
3122.0	2.0
3126.0	1.0
3127.0	1.0
3130.0	1.0
3131.0	1.0
3135.0	1.0
3139.0	1.0
3141.0	2.0
3144.0	2.0
3145.0	1.0
3146.0	1.0
3147.0	2.0
3149.0	1.0
3157.0	2.0
3161.0	1.0
3166.0	1.0
3168.0	1.0
3175.0	1.0
3184.0	1.0
3186.0	1.0
3190.0	1.0
3209.0	1.0
3216.0	1.0
3223.0	1.0
3229.0	1.0
3231.0	1.0
3251.0	1.0
3252.0	1.0
3254.0	1.0
3260.0	1.0
3267.0	2.0
3273.0	1.0
3277.0	1.0
3284.0	1.0
3298.0	2.0
3299.0	1.0
3308.0	1.0
3313.0	1.0
3314.0	1.0
3323.0	1.0
3325.0	2.0
3331.0	1.0
3332.0	1.0
3338.0	1.0
3352.0	1.0
3362.0	1.0
3363.0	1.0
3368.0	1.0
3370.0	1.0
3375.0	1.0
3385.0	1.0
3390.0	1.0
3398.0	1.0
3400.0	1.0
3418.0	1.0
3420.0	1.0
3424.0	1.0
3427.0	2.0
3437.0	1.0
3440.0	2.0
3442.0	1.0
3444.0	1.0
3452.0	1.0
3458.0	1.0
3459.0	1.0
3467.0	1.0
3470.0	1.0
3484.0	1.0
3486.0	1.0
3492.0	1.0
3498.0	1.0
3504.0	1.0
3507.0	1.0
3512.0	1.0
3514.0	1.0
3515.0	1.0
3516.0	1.0
3520.0	1.0
3527.0	1.0
3528.0	2.0
3540.0	1.0
3544.0	1.0
3552.0	3.0
3556.0	1.0
3571.0	1.0
3572.0	1.0
3581.0	1.0
3583.0	1.0
3584.0	1.0
3592.0	1.0
3595.0	1.0
3601.0	1.0
3604.0	1.0
3613.0	1.0
3617.0	2.0
3620.0	1.0
3622.0	1.0
3630.0	1.0
3631.0	1.0
3633.0	1.0
3634.0	1.0
3635.0	1.0
3636.0	2.0
3637.0	1.0
3638.0	1.0
3639.0	1.0
3642.0	1.0
3646.0	1.0
3647.0	1.0
3649.0	1.0
3658.0	1.0
3660.0	1.0
3662.0	2.0
3678.0	1.0
3679.0	1.0
3680.0	1.0
3683.0	1.0
3688.0	1.0
3689.0	1.0
3693.0	1.0
3702.0	2.0
3706.0	1.0
3709.0	1.0
3710.0	1.0
3712.0	1.0
3713.0	1.0
3714.0	2.0
3716.0	3.0
3717.0	1.0
3720.0	1.0
3722.0	1.0
3729.0	2.0
3735.0	1.0
3738.0	1.0
3739.0	1.0
3741.0	1.0
3742.0	3.0
3744.0	1.0
3746.0	1.0
3749.0	2.0
3750.0	1.0
3752.0	1.0
3761.0	1.0
3771.0	1.0
3780.0	1.0
3786.0	1.0
3809.0	1.0
3810.0	1.0
3814.0	1.0
3816.0	1.0
3819.0	1.0
3832.0	1.0
3843.0	1.0
3846.0	1.0
3858.0	1.0
3864.0	1.0
3868.0	1.0
3893.0	1.0
3913.0	1.0
3919.0	1.0
3920.0	1.0
3931.0	1.0
3945.0	1.0
3946.0	1.0
3950.0	1.0
3956.0	1.0
3961.0	1.0
3967.0	1.0
3990.0	1.0
4000.0	1.0
4004.0	1.0
4009.0	1.0
4020.0	1.0
4021.0	1.0
4035.0	1.0
4042.0	1.0
4044.0	1.0
4051.0	1.0
4054.0	1.0
4056.0	1.0
4082.0	2.0
4096.0	1.0
4104.0	1.0
4105.0	1.0
4107.0	1.0
4118.0	1.0
4127.0	1.0
4135.0	1.0
4136.0	1.0
4149.0	1.0
4166.0	2.0
4170.0	1.0
4185.0	1.0
4189.0	1.0
4193.0	1.0
4194.0	1.0
4195.0	1.0
4196.0	1.0
4210.0	1.0
4228.0	1.0
4236.0	1.0
4237.0	1.0
4241.0	2.0
4252.0	1.0
4254.0	1.0
4255.0	1.0
4261.0	1.0
4271.0	1.0
4283.0	1.0
4286.0	1.0
4290.0	1.0
4296.0	1.0
4306.0	1.0
4310.0	1.0
4312.0	1.0
4315.0	1.0
4317.0	1.0
4333.0	1.0
4338.0	1.0
4339.0	1.0
4351.0	2.0
4362.0	1.0
4363.0	1.0
4370.0	1.0
4372.0	1.0
4385.0	1.0
4387.0	1.0
4394.0	1.0
4395.0	1.0
4396.0	1.0
4409.0	1.0
4411.0	1.0
4415.0	2.0
4416.0	1.0
4425.0	1.0
4437.0	1.0
4438.0	1.0
4439.0	1.0
4442.0	1.0
4452.0	4.0
4460.0	1.0
4461.0	1.0
4463.0	1.0
4476.0	1.0
4478.0	1.0
4491.0	1.0
4494.0	1.0
4511.0	1.0
4517.0	1.0
4520.0	1.0
4527.0	1.0
4542.0	1.0
4553.0	1.0
4560.0	2.0
4564.0	1.0
4574.0	1.0
4579.0	1.0
4588.0	1.0
4598.0	2.0
4600.0	2.0
4601.0	1.0
4612.0	1.0
4614.0	1.0
4615.0	1.0
4619.0	1.0
4632.0	1.0
4633.0	1.0
4640.0	1.0
4654.0	1.0
4655.0	1.0
4656.0	1.0
4658.0	1.0
4659.0	1.0
4663.0	1.0
4671.0	1.0
4678.0	1.0
4680.0	1.0
4681.0	1.0
4682.0	1.0
4690.0	1.0
4696.0	1.0
4700.0	3.0
4711.0	1.0
4712.0	1.0
4713.0	1.0
4720.0	1.0
4722.0	1.0
4724.0	1.0
4725.0	1.0
4731.0	1.0
4733.0	1.0
4736.0	1.0
4737.0	1.0
4738.0	1.0
4744.0	1.0
4747.0	1.0
4749.0	2.0
4751.0	1.0
4759.0	1.0
4760.0	1.0
4761.0	2.0
4762.0	1.0
4763.0	1.0
4764.0	1.0
4765.0	1.0
4766.0	1.0
4769.0	1.0
4770.0	2.0
4773.0	2.0
4775.0	1.0
4777.0	1.0
4792.0	2.0
4796.0	2.0
4800.0	1.0
4805.0	1.0
4806.0	1.0
4815.0	1.0
4820.0	1.0
4826.0	1.0
4827.0	1.0
4847.0	1.0
4848.0	1.0
4852.0	2.0
4861.0	1.0
4862.0	1.0
4866.0	1.0
4867.0	1.0
4870.0	1.0
4871.0	2.0
4874.0	1.0
4875.0	1.0
4877.0	2.0
4882.0	1.0
4884.0	2.0
4885.0	1.0
4888.0	1.0
4891.0	1.0
4893.0	2.0
4895.0	1.0
4896.0	1.0
4899.0	2.0
4911.0	1.0
4967.0	1.0
5059.0	1.0
5080.0	1.0
5110.0	1.0
5219.0	1.0
5251.0	1.0
5261.0	1.0
5372.0	1.0
5406.0	1.0
5434.0	1.0
5500.0	1.0
5544.0	1.0
5578.0	1.0
5581.0	1.0
5608.0	1.0
5640.0	1.0
5684.0	1.0
5720.0	1.0
5769.0	1.0
5889.0	1.0
5890.0	1.0
5960.0	1.0
5998.0	1.0
6053.0	1.0
6102.0	1.0
6133.0	1.0
6209.0	1.0
6215.0	1.0
6258.0	1.0
6278.0	1.0
6283.0	1.0
6303.0	1.0
6331.0	1.0
6378.0	1.0
6389.0	1.0
6499.0	1.0
6553.0	1.0
6564.0	1.0
6624.0	1.0
6676.0	1.0
6695.0	1.0
6742.0	1.0
6761.0	1.0
6808.0	1.0
6824.0	1.0
6873.0	1.0
6902.0	1.0
6937.0	1.0
6965.0	1.0
6969.0	1.0
6970.0	1.0
7008.0	1.0
7014.0	1.0
7050.0	1.0
7061.0	1.0
7100.0	1.0
7121.0	1.0
7144.0	1.0
7179.0	1.0
7211.0	1.0
7212.0	1.0
7252.0	1.0
7268.0	1.0
7320.0	1.0
7339.0	1.0
7350.0	1.0
7397.0	1.0
7407.0	1.0
7432.0	1.0
7439.0	1.0
7464.0	1.0
7485.0	1.0
7493.0	1.0
7541.0	1.0
7545.0	1.0
7560.0	1.0
7595.0	1.0
7600.0	1.0
7619.0	1.0
7626.0	1.0
7655.0	1.0
7662.0	1.0
7681.0	1.0
7693.0	1.0
7704.0	1.0
7706.0	1.0
7710.0	1.0
7739.0	1.0
7741.0	1.0
7743.0	1.0
7763.0	1.0
7773.0	2.0
7785.0	1.0
7789.0	1.0
7796.0	1.0
7797.0	1.0
7803.0	1.0
7809.0	1.0
7817.0	1.0
7820.0	1.0
7824.0	1.0
7830.0	1.0
7831.0	1.0
7832.0	1.0
7835.0	2.0
7836.0	2.0
7840.0	1.0
7842.0	2.0
7846.0	1.0
