# Position (bp)	A	C	G	T	N
0.0	40.50082696763276	7.96210605738634	12.039222456415198	39.497609584579116	2.34933986581177E-4
1.0	37.83839588286525	11.804716655970855	11.168151651555611	39.150687871555675	0.03804793805260642
2.0	37.49599475445458	12.351764232982973	11.824356379397472	38.3259710579517	0.0019135752132821674
3.0	37.900660967824955	11.819616017829519	11.958977342966334	38.319036716089705	0.0017089552894856582
4.0	37.1962985619918	11.807982996235902	11.806160363210974	39.188610764099295	9.473144620208748E-4
5.0	37.213732937350834	11.394241510319361	11.633275473892166	39.75494566355816	0.0038044148794758336
6.0	38.20148256986861	11.128834312123898	11.22468358939117	39.43519292930549	0.009806599310840096
7.0	38.784907022222335	10.82578841572342	10.977961221644604	39.41060443512927	7.389052803762824E-4
8.0	38.92427592587484	10.854207849584045	10.901425791629014	39.318851345595775	0.0012390873163233044
9.0	38.99921607833639	10.86014940588984	10.87998238146671	39.259125063394286	0.0015270709127776503
10.0	38.94690916300144	11.031473120975239	10.828130177073534	39.18840993343335	0.005077605516431889
11.0	39.03541106930128	10.896840789632833	10.856648131638211	39.21049751742983	6.024919978452765E-4
12.0	39.11254899131472	10.812666215795506	10.814022770105119	39.25968208429795	0.0010799384867037974
13.0	39.012235968302406	10.825223816304055	10.813196711894237	39.34521321244489	0.004130291054411014
14.0	38.975529427528016	10.917602133382482	10.736517290080421	39.36785402808719	0.002497120921887026
15.0	39.0775817198926	10.7029444655464	10.805106646388579	39.41199509275952	0.002372075412900271
16.0	39.09514493001847	10.776012724630995	10.720814605557964	39.404579515150814	0.0034482246417559845
17.0	39.039742191021645	10.741996556928749	10.781393470775273	39.4348632638727	0.0020045174016361713
18.0	39.12304144629606	10.72247808975327	10.750025994308837	39.399505698892234	0.00494877074959705
19.0	39.16674295705801	10.66607498668455	10.744065491713803	39.41548120997975	0.007635354563888251
20.0	39.16703472991231	10.70652531421284	10.75023819274833	39.371021847648194	0.005179915478330144
21.0	39.206579424814905	10.620482636256408	10.79233305818269	39.37911949166954	0.0014853890764487318
22.0	39.167538701206105	10.717449744588864	10.722860804795928	39.39079419509949	0.0013565543096138927
23.0	39.22927329006708	10.628826582037886	10.724331036840983	39.416864289094306	7.048019597435309E-4
24.0	39.320450412407666	10.579755692905206	10.68279698156814	39.416284532643544	7.123804754396979E-4
25.0	39.23532094559262	10.610967809799869	10.722137056546943	39.429509042533354	0.002065145527205507
26.0	39.18163474040098	10.696176851029723	10.701345398734508	39.418580822899486	0.002262186935305849
27.0	39.178940578070986	10.550801973688	10.8130754556431	39.456405194739055	7.767978588571174E-4
28.0	39.25935999738087	10.597239328616263	10.74845724155973	39.39248420409974	0.002459228343406191
29.0	39.193707315904966	10.559865878460615	10.772712281045314	39.47280131344771	9.132111413881234E-4
30.0	39.26733259589324	10.595905509853738	10.667170082202643	39.46597307080547	0.003618741244919742
31.0	39.262402771432875	10.584499843731006	10.719370898317843	39.431740915405875	0.0019855711123957535
32.0	39.291204920336156	10.609243697478991	10.670186331449719	39.41966455064404	0.009700500091093758
33.0	39.33746039088771	10.534383119432254	10.714350131669132	39.41168058435813	0.002125773652774843
34.0	39.27544918620383	10.612013644965941	10.69331596135442	39.41781918207202	0.001402025403790895
35.0	39.25652942176835	10.602612496244845	10.704952772205885	39.43382879648018	0.0020765133007497574
36.0	39.32694520035928	10.584840876937333	10.698480719801358	39.38726260678507	0.0024705961169504413
37.0	39.25532443777266	10.581938305425702	10.72694562475616	39.43343850292182	0.0023531291236598534
38.0	39.275411293625346	10.639106838579737	10.661474827656974	39.42046408404998	0.0035429560879580717
39.0	39.29846513837308	10.541927531807788	10.732110383203098	39.42529159854844	0.0022053480675845965
40.0	39.30270851130324	10.609980487707908	10.69781121961727	39.388118890458706	0.001380890912880427
41.0	39.29904518908607	10.534638582531548	10.681973449338605	39.482561436656816	0.001781342386958538
42.0	39.376161342490626	10.532767959055034	10.633683830096887	39.45590001533246	0.0014868530249967753
43.0	39.32741109310594	10.577154956546066	10.634295015862381	39.459201015363014	0.0019379191226015968
44.0	39.311962877797136	10.623113215674381	10.617566933147437	39.443628956672214	0.0037280167088336613
45.0	39.42549828636393	10.385533289916005	10.643133023992812	39.54426306398243	0.0015723357448205943
46.0	39.21055851074601	10.555083521499549	10.772083762436871	39.45829679091814	0.003977414399432205
47.0	39.350094998238504	10.505366912765721	10.61804128818147	39.525620835579026	8.759652352731693E-4
48.0	39.4468141947276	10.439607825476086	10.627824514093962	39.48323359549175	0.002519870210599876
49.0	39.361071060256684	10.505860758700655	10.67613450717461	39.45458340461461	0.0023502692534402305
50.0	39.37660860281679	10.538135999680328	10.63947670562903	39.44282303324045	0.002955658633404017
51.0	39.465628481983465	10.43663051888675	10.671663141811393	39.42295361928373	0.0031242380346582907
52.0	39.442469511957015	10.430312228445713	10.693820514666196	39.43165110276408	0.0017466421669966115
53.0	39.40420506214016	10.42747058916873	10.66089385879381	39.50431458485438	0.003115905042928621
54.0	39.43808895505235	10.437387976570607	10.620975008279752	39.492986532722284	0.01056152737500467
55.0	39.46677345959482	10.433140983303298	10.66436095237643	39.4317291347777	0.003995469947754309
56.0	39.4867364643813	10.48399230858749	10.651507132907371	39.37381024646385	0.00395384765998889
57.0	39.50029882314565	10.473034427638074	10.739326577034557	39.27894719836614	0.008392973815585587
58.0	39.49580440748072	10.611611919808775	10.771344575949103	39.11993733895832	0.0013017578030791455
59.0	39.43748223156184	10.48656805960102	10.724434812868598	39.35064986953423	8.65026434315653E-4
60.0	39.49491693694995	10.529693344589889	10.718994239760963	39.25580124322606	5.942354731467903E-4
61.0	39.37648809494875	10.501967663775757	10.718129709282758	39.40289731418124	5.17217811503663E-4
62.0	39.44046335183077	10.452646024794918	10.679382176791663	39.426889321264206	6.191253184406827E-4
63.0	39.553730494307004	10.365727442695633	10.728678460215885	39.3510253337003	8.382690811779388E-4
64.0	39.559377067298804	10.427878270419129	10.808379347049316	39.19655337796015	0.007811937272603232
65.0	39.48143098281409	10.450499411014661	10.709161959846417	39.35763323474626	0.0012744115785686663
66.0	39.576492639774834	10.444451464304267	10.561152067034913	39.416138425477016	0.0017654034089665818
67.0	39.524853801742644	10.34923033517122	10.57846509487943	39.54655708072122	8.936874854824779E-4
68.0	39.343065346765336	10.398558186505909	10.664048812908748	39.59185487004363	0.0024727837763717977
69.0	39.32274571196225	10.32804437021982	10.738062493588432	39.60432806952519	0.006819354704313173
70.0	39.34632545456549	10.359806948408844	10.752947649988114	39.53003304642716	0.010886900610390653
71.0	39.35545011965204	10.402620677650878	10.689634213829814	39.54820357969135	0.0040914091759192426
72.0	39.510898315988605	10.411770561785282	10.555723841171956	39.517904734341485	0.003702546712679296
73.0	39.486540138058665	10.501351880089317	10.510787646553817	39.49598776346719	0.005332571831007518
74.0	39.5002164286743	10.556291764063529	10.466933285257426	39.457013829028234	0.019544692976507492
75.0	39.515297209936456	10.446494852930567	10.459154180860999	39.54441406064774	0.03463969562424165
76.0	39.45507893425994	10.517930327563727	10.486430875419131	39.539309096662976	0.0012507660942327175
77.0	39.48851612346994	10.50954123469066	10.46418243669642	39.5345628990245	0.003197306118478723
78.0	39.561993437393284	10.577362185139496	10.385903037099446	39.46952381870331	0.005217521664464288
79.0	39.549747700254684	10.694266974492074	10.367942098166798	39.384959760764495	0.0030834663219460354
80.0	39.586308253195774	10.715380682271727	10.3232805512534	39.36194625939359	0.013084253885504028
81.0	39.61176537954992	10.584655205274547	10.394266911031457	39.40806002855404	0.0012524755900310464
82.0	39.62309879481489	10.600637473819013	10.36052869461833	39.41450058552266	0.0012344512251086738
83.0	39.47529854515352	10.56504460789743	10.330231760665605	39.62791966985535	0.0015054164280916165
84.0	39.4240068287017	10.551382357313473	10.454089120620894	39.569331463654024	0.0011902297099108618
85.0	39.36472101278483	10.682550688699997	10.37596327620722	39.5707397632621	0.006025259045863176
86.0	39.30258869680859	10.732987049556932	10.321194305863472	39.64180990323728	0.0014200445337261586
87.0	39.45295599079813	10.587370580276303	10.360625296832374	39.59870061116405	3.4752092914488715E-4
88.0	39.475606009519346	10.66923640796957	10.359114803320885	39.49575944112782	2.833380623805173E-4
89.0	39.38423576414666	10.612447702773766	10.521311968589432	39.48137612607042	6.284384197246953E-4
90.0	39.35492373545107	10.611978508288045	10.453485356796412	39.578670172401154	9.422270633198923E-4
91.0	39.39618373638265	10.63837032260558	10.376815603536569	39.58719422953114	0.0014361079440568828
92.0	39.26539280675507	10.677036243513971	10.490102332551633	39.56299384262055	0.0044747745587792815
93.0	39.48901649071675	10.552189683783334	10.36224853026684	39.58811054277918	0.008434752453896485
94.0	39.54123423342105	10.582821565247379	10.3330044946378	39.53898071837724	0.003958988316526514
95.0	39.52461730655779	10.568750637875326	10.336741221309335	39.5615531302875	0.008337703970045887
96.0	39.64472193757915	10.49129107120444	10.336336061227772	39.51917525664872	0.008475673339915217
97.0	39.583507911635074	10.542007548361445	10.34710620788791	39.52609546428097	0.0012828678345972186
98.0	39.53658580087835	10.616715342228794	10.3055490140825	39.53876072338747	0.0023891194228941983
99.0	39.52291637461871	10.49303527268032	10.402607527947778	39.57924130903456	0.002199515718634813
100.0	39.61632277770336	10.531171603817423	10.372890899800066	39.475939348537544	0.003675370141607174
101.0	39.543100572870095	10.521324584042615	10.390755382427889	39.54184557768898	0.0029738829704153732
102.0	39.657681904572755	10.496016481914747	10.307869422953301	39.537714293752835	7.178968063592876E-4
103.0	39.61719432132177	10.51526346312529	10.363728714383898	39.49889926518868	0.0049142359803645095
104.0	39.64764014420371	10.64120549545679	10.351755855078817	39.35868203544409	7.164698165845601E-4
105.0	39.64767405948197	10.400071785711305	10.317255281675445	39.633767664710646	0.0012312084206308796
106.0	39.584137521547646	10.510679849478128	10.440686987177775	39.45941490767679	0.005080734119663709
107.0	39.623113457711376	10.47943671314552	10.381126645773962	39.51502014761426	0.0013030357548821313
108.0	39.67571150215961	10.433509464403755	10.364997100398908	39.52392638984593	0.001855543191797928
109.0	39.61536880904177	10.507367524071839	10.377330990258448	39.498346865239974	0.0015858113879681673
110.0	39.593906040620354	10.52740388828216	10.40073055286753	39.475569693874455	0.002389824355496615
111.0	39.60530901423207	10.483009002254745	10.375956349141322	39.53228785389078	0.003437780481076412
112.0	39.623941642906644	10.5136884200949	10.429919118930615	39.42955623852774	0.002894579540104632
113.0	39.60014685492072	10.49607721128985	10.423777707989558	39.47816211524685	0.0018361105530220812
114.0	39.64264447068936	10.479341395301088	10.385599922902621	39.49061255278243	0.0018016583245070487
115.0	39.627886835290184	10.48656039201092	10.339939518996333	39.5432372751017	0.0023759786008636977
116.0	39.61779059995071	10.518159574039572	10.373952798352196	39.48895347765503	0.001143550002491915
117.0	39.566923199515394	10.467638329177896	10.41525190319317	39.54665023848417	0.003536329629366571
118.0	39.623327727272375	10.546671078836335	10.36667889698158	39.45584440639648	0.007477890513226696
119.0	39.580080004353114	10.53528652536541	10.37210918533171	39.510067713335104	0.002456571614667158
120.0	39.67720348037837	10.45412935964082	10.398799380338666	39.46723793776322	0.0026298418789277613
121.0	39.60583845129301	10.591622794537983	10.366941877244544	39.433983539820346	0.0016133371041133883
122.0	39.611657067218275	10.53837241467092	10.353305356883912	39.4952989378824	0.0013662233444853475
123.0	39.6018492534641	10.633372084779868	10.399892741635087	39.362814592614946	0.0020713275059986162
124.0	39.57212028098462	10.518373158539616	10.443083207535198	39.46442546557616	0.0019978873644091394
125.0	39.6044309459581	10.490258809377433	10.419569082599887	39.48484437159062	8.967904739607308E-4
126.0	39.609901542673384	10.485448924784555	10.41203192297782	39.49200234672592	6.152628383209259E-4
127.0	39.61399024670686	10.54218893696593	10.401580870829621	39.44074406847582	0.0014958770217630862
128.0	39.606797954990896	10.536257627723845	10.463269817087205	39.3928941694722	7.80430725855819E-4
129.0	39.598649627134606	10.544698268371135	10.451579714554228	39.39775423681509	0.007318153124948081
130.0	39.6087678038264	10.552741565752779	10.40867486439025	39.42378783370257	0.006027932327999363
131.0	39.56124217855948	10.543040750077283	10.479522122938384	39.41285093279483	0.003344015630026239
132.0	39.603365363323256	10.521446015690573	10.511782456361633	39.359730291919206	0.0036758727053253916
133.0	39.60729118961866	10.533371093112756	10.51252417820307	39.345241695002045	0.0015718440634779902
134.0	39.58097108611632	10.570853081085659	10.468198975159602	39.374825899161685	0.0051509584767302444
135.0	39.59437602272476	10.559345177596088	10.531810623695144	39.31086564923336	0.0036025267506583653
136.0	39.57872008324196	10.5598419319555	10.63457759065487	39.2221331790781	0.004727215069573773
137.0	39.525842774612045	10.580098183881468	10.549265609652876	39.34389557005313	8.978618004831664E-4
138.0	39.45987830805514	10.59864890784316	10.603453011186762	39.337024733703196	9.950392117488468E-4
139.0	39.455965560583216	10.634747790240837	10.595775483203546	39.309672642104296	0.0038385238680994685
140.0	39.46058360441813	10.663745319716083	10.669221826047497	39.20341429593736	0.003034953880931421
141.0	39.57338739741883	10.62037374816395	10.612257955340056	39.192631296351124	0.0013496027260339184
142.0	39.631884526452545	10.770628360894502	10.567800108829779	39.028419526715844	0.0012674771073345663
143.0	39.665888976180156	10.86048653622392	10.62061805574938	38.84108713168562	0.011919300160921992
144.0	39.706386078445284	11.019333471277735	10.886110236197322	38.38559753875827	0.0025726753213914646
145.0	39.851371249344915	11.326460661382146	11.086270585642609	37.73367155445697	0.002225949173360062
146.0	39.26149866219906	11.473985583825892	11.330113580439221	37.933321479862784	0.001080693673046284
147.0	38.61944067520021	11.498754215715644	11.300831403670761	38.576749584146626	0.004224121266755247
148.0	38.98614055223082	11.316398671148223	11.09554635561229	38.59500470407283	0.006909716935833323
149.0	40.009342766404146	10.734053282438767	9.606984699532	39.61796250199575	0.031656749629338156
150.0	40.074950658921736	11.547706398052538	6.42001498447558	41.957327958550145	0.0
