********************************************************************************
STREME - Sensitive, Thorough, Rapid, Enriched Motif Elicitation
********************************************************************************
MEME version 5.5.7 (Release date: Wed Jun 19 13:59:04 2024 -0700)

For further information on how to interpret these results please access http://localhost:8080/meme_5.5.7.
To get a copy of the MEME Suite software please access https://meme-suite.org.

********************************************************************************


********************************************************************************
REFERENCE
********************************************************************************
If you use this program in your research, please cite:

Timothy L. Bailey,
"STREME: accurate and versatile sequence motif discovery",
Bioinformatics, Mar. 24, 2021.
********************************************************************************


ALPHABET= ACGT

strands: + -

Background letter frequencies
A 0.304 C 0.196 G 0.196 T 0.304 

MOTIF 1-GTTTTGCTTCATT STREME-1
letter-probability matrix: alength= 4 w= 13 nsites= 180 E= 1.3e+001
 0.054302 0.000108 0.934984 0.010606
 0.071861 0.023280 0.006795 0.898064
 0.000168 0.057755 0.029445 0.912633
 0.020228 0.026855 0.006795 0.946122
 0.026915 0.086908 0.011694 0.874483
 0.041137 0.000108 0.947132 0.011623
 0.005068 0.836651 0.071110 0.087171
 0.072541 0.018249 0.049815 0.859395
 0.141117 0.040228 0.020168 0.798486
 0.103752 0.680003 0.128485 0.087760
 0.638000 0.088019 0.146004 0.127977
 0.169007 0.083732 0.180022 0.567239
 0.094762 0.186416 0.024936 0.693886

MOTIF 2-AATATTCA STREME-2
letter-probability matrix: alength= 4 w= 8 nsites= 609 E= 1.3e+001
 0.985954 0.001180 0.001180 0.011686
 0.922049 0.074934 0.001180 0.001836
 0.001836 0.001180 0.001180 0.995804
 0.995804 0.001180 0.001180 0.001836
 0.135077 0.001180 0.123853 0.739890
 0.112377 0.098208 0.066919 0.722496
 0.001836 0.995147 0.001180 0.001836
 0.995804 0.001180 0.001180 0.001836

MOTIF 3-AWAATTTACAAT STREME-3
letter-probability matrix: alength= 4 w= 12 nsites= 61 E= 1.4e+001
 0.942011 0.000322 0.000322 0.057345
 0.540634 0.000322 0.040159 0.418885
 0.880099 0.014916 0.000322 0.104663
 0.810272 0.074545 0.114682 0.000501
 0.035874 0.115605 0.037597 0.810924
 0.047452 0.162530 0.060603 0.729415
 0.000501 0.000322 0.020240 0.978937
 0.979406 0.000322 0.019771 0.000501
 0.000501 0.998676 0.000322 0.000501
 0.659496 0.000322 0.299837 0.040345
 0.965036 0.011489 0.000322 0.023153
 0.000501 0.028999 0.057095 0.913404

MOTIF 4-GTTGTTTCAATC STREME-4
letter-probability matrix: alength= 4 w= 12 nsites= 77 E= 1.5e+001
 0.000352 0.019594 0.979701 0.000352
 0.167729 0.076377 0.000226 0.755667
 0.000352 0.014236 0.000226 0.985185
 0.061327 0.000226 0.938095 0.000352
 0.065436 0.039934 0.175924 0.718705
 0.014362 0.000226 0.021281 0.964130
 0.044799 0.000226 0.000226 0.954749
 0.075779 0.876990 0.000226 0.047005
 0.750549 0.154823 0.094276 0.000352
 0.813006 0.080929 0.105713 0.000352
 0.139498 0.041452 0.066657 0.752393
 0.097269 0.613283 0.115279 0.174169

MOTIF 5-CTCAAGATAA STREME-5
letter-probability matrix: alength= 4 w= 10 nsites= 49 E= 1.6e+001
 0.001738 0.995406 0.001117 0.001738
 0.001738 0.078266 0.047697 0.872299
 0.001738 0.995406 0.001117 0.001738
 0.861360 0.001117 0.030034 0.107489
 0.867750 0.088521 0.001117 0.042612
 0.001738 0.001117 0.995406 0.001738
 0.996028 0.001117 0.001117 0.001738
 0.001738 0.001117 0.001117 0.996028
 0.954687 0.001117 0.001117 0.043079
 0.471093 0.137613 0.163488 0.227806

MOTIF 6-GTWGCGATAH STREME-6
letter-probability matrix: alength= 4 w= 10 nsites= 28 E= 1.9e+001
 0.002032 0.001306 0.994630 0.002032
 0.002032 0.001306 0.001306 0.995357
 0.286648 0.001306 0.168038 0.544009
 0.002032 0.001306 0.994630 0.002032
 0.002032 0.994630 0.001306 0.002032
 0.002032 0.001306 0.994630 0.002032
 0.995357 0.001306 0.001306 0.002032
 0.002032 0.001306 0.001306 0.995357
 0.995357 0.001306 0.001306 0.002032
 0.301091 0.280987 0.077858 0.340064

MOTIF 7-TTAAWTTAA STREME-7
letter-probability matrix: alength= 4 w= 9 nsites= 1234 E= 2.0e+001
 0.231013 0.039766 0.006691 0.722530
 0.000668 0.000429 0.000429 0.998474
 0.843326 0.012044 0.091355 0.053274
 0.740688 0.072174 0.067821 0.119317
 0.458999 0.041001 0.041001 0.458999
 0.119317 0.067821 0.072174 0.740688
 0.053274 0.091355 0.012044 0.843326
 0.998474 0.000429 0.000429 0.000668
 0.722530 0.006691 0.039766 0.231013

MOTIF 8-ATAAGCAATAAGAG STREME-8
letter-probability matrix: alength= 4 w= 14 nsites= 25 E= 2.1e+001
 0.704690 0.041258 0.110810 0.143243
 0.001021 0.061674 0.000656 0.936648
 0.957065 0.000656 0.041258 0.001021
 0.927315 0.000656 0.000656 0.071372
 0.001021 0.056784 0.941174 0.001021
 0.204030 0.713089 0.081860 0.001021
 0.997667 0.000656 0.000656 0.001021
 0.957065 0.000656 0.000656 0.041623
 0.143243 0.000656 0.000656 0.855445
 0.750182 0.248141 0.000656 0.001021
 0.957065 0.000656 0.000656 0.041623
 0.041623 0.071007 0.645625 0.241744
 0.957065 0.000656 0.041258 0.001021
 0.192378 0.000656 0.684139 0.122827

MOTIF 9-AATTTGCATA STREME-9
letter-probability matrix: alength= 4 w= 10 nsites= 253 E= 2.4e+001
 0.849141 0.000534 0.055577 0.094748
 0.965347 0.033288 0.000534 0.000831
 0.041872 0.086238 0.000534 0.871357
 0.027774 0.025976 0.051184 0.895065
 0.000831 0.000534 0.000534 0.998101
 0.000831 0.000534 0.997804 0.000831
 0.119758 0.743872 0.046841 0.089528
 0.998101 0.000534 0.000534 0.000831
 0.000831 0.051184 0.000534 0.947450
 0.859076 0.000534 0.000534 0.139856

MOTIF 10-AGAAAAAGCGA STREME-10
letter-probability matrix: alength= 4 w= 11 nsites= 14 E= 2.9e+001
 0.991489 0.002393 0.002393 0.003724
 0.003724 0.002393 0.990158 0.003724
 0.991489 0.002393 0.002393 0.003724
 0.882986 0.002393 0.002393 0.112227
 0.908471 0.002393 0.002393 0.086743
 0.991489 0.002393 0.002393 0.003724
 0.991489 0.002393 0.002393 0.003724
 0.003724 0.002393 0.990158 0.003724
 0.003724 0.990158 0.002393 0.003724
 0.003724 0.002393 0.990158 0.003724
 0.991489 0.002393 0.002393 0.003724

MOTIF 11-ACATAAATCTWTC STREME-11
letter-probability matrix: alength= 4 w= 13 nsites= 35 E= 3.3e+001
 0.997932 0.000582 0.000582 0.000905
 0.000905 0.961620 0.036570 0.000905
 0.925955 0.072558 0.000582 0.000905
 0.063263 0.000582 0.061685 0.874470
 0.925955 0.000582 0.072558 0.000905
 0.935574 0.036570 0.000582 0.027274
 0.935574 0.026951 0.000582 0.036894
 0.000905 0.000582 0.036570 0.961943
 0.132556 0.804853 0.020757 0.041833
 0.000905 0.000582 0.098219 0.900295
 0.501000 0.166225 0.062939 0.269836
 0.000905 0.200699 0.000582 0.797814
 0.196888 0.667291 0.036570 0.099251

MOTIF 12-ACAATTAATAG STREME-12
letter-probability matrix: alength= 4 w= 11 nsites= 295 E= 3.3e+001
 0.773264 0.133285 0.093264 0.000186
 0.000186 0.959586 0.000120 0.040107
 0.950587 0.000120 0.035733 0.013560
 0.667808 0.153352 0.178653 0.000186
 0.000186 0.019793 0.079903 0.900118
 0.000186 0.017361 0.056954 0.925499
 0.814803 0.000120 0.184890 0.000186
 0.771788 0.188031 0.000120 0.040062
 0.055023 0.000120 0.151053 0.793804
 0.769946 0.000120 0.173097 0.056837
 0.221451 0.195505 0.523914 0.059129

MOTIF 13-GCTCTTCAACK STREME-13
letter-probability matrix: alength= 4 w= 11 nsites= 45 E= 3.4e+001
 0.104317 0.000610 0.894124 0.000949
 0.054008 0.916795 0.028248 0.000949
 0.056226 0.021756 0.086373 0.835645
 0.144952 0.853490 0.000610 0.000949
 0.066308 0.000610 0.028248 0.904835
 0.000949 0.000610 0.000610 0.997832
 0.000949 0.997493 0.000610 0.000949
 0.928089 0.000610 0.000610 0.070691
 0.891553 0.028248 0.036352 0.043847
 0.000949 0.997493 0.000610 0.000949
 0.022096 0.065969 0.336620 0.575316

MOTIF 14-TACAATTTCAAADT STREME-14
letter-probability matrix: alength= 4 w= 14 nsites= 21 E= 3.6e+001
 0.001208 0.000776 0.000776 0.997239
 0.997239 0.000776 0.000776 0.001208
 0.001208 0.996807 0.000776 0.001208
 0.770797 0.048823 0.131126 0.049254
 0.997239 0.000776 0.000776 0.001208
 0.001208 0.000776 0.121028 0.876987
 0.172555 0.000776 0.000776 0.825892
 0.001208 0.000776 0.083080 0.914935
 0.001208 0.996807 0.000776 0.001208
 0.997239 0.000776 0.000776 0.001208
 0.841783 0.121028 0.035980 0.001208
 0.997239 0.000776 0.000776 0.001208
 0.374838 0.048823 0.372576 0.203764
 0.169506 0.121028 0.048823 0.660643

MOTIF 15-AATTATGCT STREME-15
letter-probability matrix: alength= 4 w= 9 nsites= 72 E= 3.6e+001
 0.856350 0.001893 0.001893 0.139863
 0.993267 0.001893 0.001893 0.002946
 0.002946 0.217475 0.001893 0.777685
 0.002946 0.001893 0.001893 0.993267
 0.993267 0.001893 0.001893 0.002946
 0.002946 0.001893 0.001893 0.993267
 0.002946 0.001893 0.992214 0.002946
 0.002946 0.992214 0.001893 0.002946
 0.002946 0.001893 0.001893 0.993267

MOTIF 16-CACTTAGCAWA STREME-16
letter-probability matrix: alength= 4 w= 11 nsites= 78 E= 3.6e+001
 0.044178 0.881361 0.049508 0.024953
 0.903912 0.048019 0.018344 0.029725
 0.000454 0.933425 0.065667 0.000454
 0.014833 0.000292 0.013519 0.971357
 0.051618 0.044352 0.000292 0.903738
 0.998962 0.000292 0.000292 0.000454
 0.000454 0.159323 0.809005 0.031218
 0.000454 0.980748 0.000292 0.018506
 0.785690 0.013519 0.046401 0.154390
 0.470215 0.154019 0.083300 0.292466
 0.681718 0.203562 0.090919 0.023801

MOTIF 17-CCGAGAGCAGGAC STREME-17
letter-probability matrix: alength= 4 w= 13 nsites= 58 E= 3.9e+001
 0.042891 0.804251 0.152432 0.000427
 0.000427 0.851045 0.000274 0.148254
 0.000427 0.000274 0.702788 0.296512
 0.893231 0.017240 0.055169 0.034359
 0.000427 0.068236 0.913945 0.017393
 0.820831 0.000274 0.051173 0.127722
 0.025924 0.000274 0.939442 0.034359
 0.246931 0.557208 0.161502 0.034359
 0.487786 0.165498 0.114503 0.232212
 0.034359 0.046638 0.722766 0.196236
 0.156785 0.051173 0.762552 0.029490
 0.826335 0.017240 0.017240 0.139184
 0.000427 0.933924 0.000274 0.065376

MOTIF 18-GTGCTCTAA STREME-18
letter-probability matrix: alength= 4 w= 9 nsites= 31 E= 4.0e+001
 0.027673 0.017782 0.926873 0.027673
 0.027673 0.017782 0.017782 0.936764
 0.027673 0.017782 0.926873 0.027673
 0.027673 0.926873 0.017782 0.027673
 0.027673 0.017782 0.017782 0.936764
 0.027673 0.926873 0.017782 0.027673
 0.027673 0.017782 0.017782 0.936764
 0.936764 0.017782 0.017782 0.027673
 0.936764 0.017782 0.017782 0.027673

MOTIF 19-AAGGGAAATTTTGT STREME-19
letter-probability matrix: alength= 4 w= 14 nsites= 44 E= 4.1e+001
 0.952548 0.000373 0.000373 0.046706
 0.854863 0.000373 0.086461 0.058303
 0.095998 0.017271 0.840024 0.046706
 0.129341 0.023436 0.823580 0.023643
 0.048170 0.023436 0.904751 0.023643
 0.929485 0.000373 0.069562 0.000580
 0.952548 0.000373 0.023436 0.023643
 0.889978 0.023436 0.046499 0.040088
 0.072935 0.000373 0.032255 0.894437
 0.023643 0.092625 0.023436 0.860296
 0.000580 0.100236 0.000373 0.898811
 0.000580 0.104222 0.114579 0.780618
 0.000580 0.000373 0.978713 0.020334
 0.143550 0.000373 0.104222 0.751855

MOTIF 20-AAGTTTTTTCA STREME-20
letter-probability matrix: alength= 4 w= 11 nsites= 110 E= 4.1e+001
 0.943012 0.022866 0.005744 0.028377
 0.978813 0.008236 0.000545 0.012406
 0.035760 0.000825 0.874589 0.088827
 0.021386 0.054005 0.007558 0.917051
 0.020988 0.036075 0.008236 0.934702
 0.023046 0.005744 0.037395 0.933815
 0.016142 0.070580 0.010071 0.903207
 0.042697 0.025262 0.007169 0.924871
 0.064056 0.047784 0.012458 0.875702
 0.056898 0.927226 0.003399 0.012477
 0.847354 0.005744 0.073128 0.073774

MOTIF 21-CACTTATAABTTCAM STREME-21
letter-probability matrix: alength= 4 w= 15 nsites= 146 E= 4.1e+001
 0.000149 0.854217 0.000096 0.145538
 0.960997 0.020902 0.017951 0.000149
 0.169520 0.769437 0.017916 0.043127
 0.029849 0.000096 0.059528 0.910527
 0.004502 0.004448 0.180442 0.810608
 0.716511 0.256498 0.011976 0.015016
 0.048845 0.262912 0.086274 0.601968
 0.898153 0.029795 0.065963 0.006089
 0.585769 0.133533 0.111433 0.169265
 0.158751 0.211928 0.376182 0.253139
 0.041728 0.017916 0.170832 0.769525
 0.149325 0.190733 0.023855 0.636086
 0.136762 0.541116 0.066867 0.255255
 0.955093 0.017916 0.006036 0.020956
 0.236002 0.440476 0.166257 0.157264

MOTIF 22-TCTTTAAA STREME-22
letter-probability matrix: alength= 4 w= 8 nsites= 965 E= 4.2e+001
 0.009165 0.034161 0.021776 0.934898
 0.016556 0.957105 0.025059 0.001280
 0.077826 0.024163 0.110233 0.787778
 0.040705 0.014587 0.048028 0.896679
 0.040991 0.034494 0.009526 0.914988
 0.893738 0.012298 0.078110 0.015854
 0.878517 0.013121 0.078734 0.029628
 0.823917 0.085720 0.043419 0.046944

MOTIF 23-CATTAAAA STREME-23
letter-probability matrix: alength= 4 w= 8 nsites= 108 E= 4.3e+001
 0.027673 0.926873 0.017782 0.027673
 0.936764 0.017782 0.017782 0.027673
 0.027673 0.017782 0.017782 0.936764
 0.027673 0.017782 0.017782 0.936764
 0.936764 0.017782 0.017782 0.027673
 0.936764 0.017782 0.017782 0.027673
 0.936764 0.017782 0.017782 0.027673
 0.936764 0.017782 0.017782 0.027673

MOTIF 24-CTCGGCAATATA STREME-24
letter-probability matrix: alength= 4 w= 12 nsites= 57 E= 4.5e+001
 0.042773 0.844502 0.058099 0.054625
 0.091642 0.061439 0.009162 0.837757
 0.000308 0.851464 0.095395 0.052834
 0.086026 0.021155 0.792981 0.099838
 0.070444 0.033631 0.811233 0.084692
 0.158454 0.762956 0.041579 0.037011
 0.898781 0.067521 0.000198 0.033500
 0.926279 0.012432 0.039783 0.021506
 0.059905 0.097295 0.094173 0.748627
 0.915518 0.033631 0.012432 0.038419
 0.062888 0.030818 0.024666 0.881627
 0.796440 0.033631 0.042281 0.127648

MOTIF 25-AAGATTCCGA STREME-25
letter-probability matrix: alength= 4 w= 10 nsites= 28 E= 4.6e+001
 0.961599 0.001136 0.001136 0.036129
 0.914907 0.017274 0.057116 0.010704
 0.001768 0.001136 0.995329 0.001768
 0.995961 0.001136 0.001136 0.001768
 0.001768 0.032041 0.160764 0.805427
 0.098923 0.098291 0.017274 0.785513
 0.001768 0.995329 0.001136 0.001768
 0.001768 0.995329 0.001136 0.001768
 0.001768 0.001136 0.995329 0.001768
 0.771612 0.001136 0.041404 0.185848

MOTIF 26-TTAACAAG STREME-26
letter-probability matrix: alength= 4 w= 8 nsites= 449 E= 4.6e+001
 0.001384 0.050589 0.000890 0.947137
 0.001384 0.000890 0.000890 0.996836
 0.909583 0.000890 0.000890 0.088638
 0.706069 0.056181 0.113762 0.123987
 0.001384 0.996341 0.000890 0.001384
 0.996836 0.000890 0.000890 0.001384
 0.690432 0.078805 0.033501 0.197262
 0.001384 0.000890 0.830731 0.166995

MOTIF 27-ATGAAAATAAAG STREME-27
letter-probability matrix: alength= 4 w= 12 nsites= 38 E= 4.8e+001
 0.996927 0.000864 0.000864 0.001345
 0.001345 0.000864 0.000864 0.996927
 0.001345 0.000864 0.996446 0.001345
 0.889288 0.040045 0.069321 0.001345
 0.920924 0.000864 0.076866 0.001345
 0.936113 0.000864 0.061678 0.001345
 0.716593 0.030843 0.183597 0.068967
 0.001345 0.000864 0.000864 0.996927
 0.928470 0.000864 0.000864 0.069802
 0.905592 0.000864 0.092199 0.001345
 0.914735 0.030843 0.000864 0.053558
 0.001345 0.000864 0.996446 0.001345

MOTIF 28-AGGTGGAACGA STREME-28
letter-probability matrix: alength= 4 w= 11 nsites= 55 E= 4.9e+001
 0.857799 0.086425 0.023545 0.032231
 0.000791 0.075411 0.923008 0.000791
 0.000791 0.000508 0.997910 0.000791
 0.000791 0.000508 0.000508 0.998193
 0.000791 0.110638 0.844318 0.044253
 0.000791 0.054366 0.944053 0.000791
 0.685910 0.098448 0.000508 0.215135
 0.639535 0.211986 0.147688 0.000791
 0.000791 0.997910 0.000508 0.000791
 0.168167 0.031948 0.565618 0.234267
 0.966753 0.000508 0.031948 0.000791

MOTIF 29-ATTTTTAATAAGAD STREME-29
letter-probability matrix: alength= 4 w= 14 nsites= 31 E= 5.0e+001
 0.998288 0.000481 0.000481 0.000749
 0.045522 0.081307 0.000481 0.872690
 0.194481 0.000481 0.000481 0.804556
 0.260495 0.000481 0.000481 0.738542
 0.000749 0.060065 0.000481 0.938704
 0.030541 0.000481 0.000481 0.968496
 0.908912 0.030273 0.060065 0.000749
 0.953515 0.000481 0.000481 0.045522
 0.000749 0.000481 0.000481 0.998288
 0.901895 0.067083 0.000481 0.030541
 0.968496 0.000481 0.000481 0.030541
 0.071725 0.103136 0.764806 0.060333
 0.774595 0.000481 0.224174 0.000749
 0.434712 0.075046 0.245247 0.244995

MOTIF 30-ACACTATTCATGTCT STREME-30
letter-probability matrix: alength= 4 w= 15 nsites= 22 E= 5.0e+001
 0.841013 0.035427 0.000563 0.122997
 0.035740 0.867549 0.000563 0.096148
 0.868549 0.060285 0.035427 0.035740
 0.061285 0.877554 0.060285 0.000877
 0.000877 0.000563 0.035427 0.963133
 0.963133 0.035427 0.000563 0.000877
 0.088134 0.035427 0.000563 0.875876
 0.070603 0.000563 0.105153 0.823681
 0.192723 0.736111 0.035427 0.035740
 0.928270 0.035427 0.035427 0.000877
 0.105466 0.105153 0.000563 0.788818
 0.173688 0.087820 0.737615 0.000877
 0.260945 0.130697 0.035427 0.572932
 0.035740 0.858231 0.035427 0.070603
 0.138825 0.182404 0.105153 0.573618

MOTIF 31-GCAAACGCAAV STREME-31
letter-probability matrix: alength= 4 w= 11 nsites= 24 E= 5.0e+001
 0.001559 0.001002 0.995880 0.001559
 0.001559 0.995880 0.001002 0.001559
 0.765068 0.170387 0.001002 0.063543
 0.827052 0.001002 0.170387 0.001559
 0.814017 0.121438 0.001002 0.063543
 0.001559 0.995880 0.001002 0.001559
 0.001559 0.001002 0.995880 0.001559
 0.001559 0.995880 0.001002 0.001559
 0.996438 0.001002 0.001002 0.001559
 0.996438 0.001002 0.001002 0.001559
 0.362501 0.210657 0.379866 0.046976

MOTIF 32-AAAATGATTCGTG STREME-32
letter-probability matrix: alength= 4 w= 13 nsites= 20 E= 5.0e+001
 0.890824 0.000435 0.000435 0.108306
 0.890671 0.067780 0.000435 0.041114
 0.885638 0.054250 0.000435 0.059678
 0.847289 0.027342 0.124692 0.000677
 0.000677 0.000435 0.000435 0.998454
 0.185683 0.000435 0.685701 0.128182
 0.938301 0.000435 0.060588 0.000677
 0.000677 0.000435 0.000435 0.998454
 0.041114 0.027342 0.027342 0.904201
 0.000677 0.789992 0.121595 0.087737
 0.041114 0.000435 0.957774 0.000677
 0.146204 0.047058 0.148662 0.658077
 0.096637 0.054250 0.785146 0.063968

MOTIF 33-AATTGATGAAGTTAT STREME-33
letter-probability matrix: alength= 4 w= 15 nsites= 11 E= 5.0e+001
 0.904333 0.000991 0.000991 0.093685
 0.812190 0.000991 0.000991 0.185829
 0.001542 0.000991 0.000991 0.996476
 0.001542 0.000991 0.000991 0.996476
 0.062855 0.000991 0.934612 0.001542
 0.935164 0.000991 0.000991 0.062855
 0.093685 0.000991 0.000991 0.904333
 0.093685 0.062304 0.842469 0.001542
 0.873851 0.000991 0.062304 0.062855
 0.873851 0.000991 0.000991 0.124167
 0.093685 0.062304 0.842469 0.001542
 0.062855 0.000991 0.154447 0.781708
 0.001542 0.062304 0.000991 0.935164
 0.781708 0.000991 0.000991 0.216311
 0.001542 0.093134 0.062304 0.843020

MOTIF 34-TCCTCCTGRAGG STREME-34
letter-probability matrix: alength= 4 w= 12 nsites= 16 E= 5.0e+001
 0.001576 0.001013 0.001013 0.996399
 0.001576 0.995836 0.001013 0.001576
 0.001576 0.995836 0.001013 0.001576
 0.001576 0.001013 0.001013 0.996399
 0.001576 0.995836 0.001013 0.001576
 0.001576 0.888506 0.108342 0.001576
 0.001576 0.001013 0.063668 0.933744
 0.252570 0.126323 0.619531 0.001576
 0.574186 0.063668 0.297915 0.064231
 0.996399 0.001013 0.001013 0.001576
 0.110139 0.001013 0.887272 0.001576
 0.108905 0.001013 0.825851 0.064231

MOTIF 35-AGGAAGAACTTGAC STREME-35
letter-probability matrix: alength= 4 w= 14 nsites= 18 E= 5.0e+001
 0.996550 0.000970 0.000970 0.001510
 0.104341 0.000970 0.833150 0.061539
 0.001510 0.000970 0.996010 0.001510
 0.653602 0.060999 0.103801 0.181597
 0.996550 0.000970 0.000970 0.001510
 0.001510 0.000970 0.996010 0.001510
 0.876492 0.121028 0.000970 0.001510
 0.996550 0.000970 0.000970 0.001510
 0.001510 0.935981 0.060999 0.001510
 0.224399 0.163830 0.000970 0.610801
 0.121568 0.000970 0.121028 0.756433
 0.061539 0.000970 0.935981 0.001510
 0.996550 0.000970 0.000970 0.001510
 0.206642 0.730849 0.000970 0.061539

MOTIF 36-AAACGCGCCTGCA STREME-36
letter-probability matrix: alength= 4 w= 13 nsites= 25 E= 5.0e+001
 0.885362 0.038100 0.075595 0.000943
 0.864342 0.059120 0.000606 0.075932
 0.997845 0.000606 0.000606 0.000943
 0.000943 0.847531 0.075595 0.075932
 0.038437 0.038100 0.770163 0.153300
 0.073779 0.887178 0.038100 0.000943
 0.113426 0.000606 0.885025 0.000943
 0.000943 0.895047 0.000606 0.103404
 0.113426 0.810037 0.038100 0.038437
 0.038437 0.092083 0.000606 0.868874
 0.075932 0.113089 0.772542 0.038437
 0.000943 0.885025 0.113089 0.000943
 0.820395 0.038100 0.065573 0.075932

MOTIF 37-CCGAAGAATCAGTT STREME-37
letter-probability matrix: alength= 4 w= 14 nsites= 14 E= 5.0e+001
 0.001670 0.880553 0.001073 0.116704
 0.300613 0.630254 0.067463 0.001670
 0.001670 0.001073 0.929198 0.068060
 0.996184 0.001073 0.001073 0.001670
 0.830021 0.067463 0.001073 0.101443
 0.001670 0.001073 0.995588 0.001670
 0.881150 0.001073 0.116107 0.001670
 0.996184 0.001073 0.001073 0.001670
 0.001670 0.067463 0.001073 0.929795
 0.001670 0.829424 0.001073 0.167833
 0.847766 0.100846 0.001073 0.050314
 0.001670 0.001073 0.729632 0.267625
 0.116704 0.267028 0.001073 0.615195
 0.001670 0.001073 0.001073 0.996184

MOTIF 38-AATGCGGAAAAAAA STREME-38
letter-probability matrix: alength= 4 w= 14 nsites= 19 E= 5.0e+001
 0.850434 0.000791 0.049709 0.099067
 0.997189 0.000791 0.000791 0.001230
 0.001230 0.000791 0.000791 0.997189
 0.001230 0.000791 0.996749 0.001230
 0.047582 0.928885 0.000791 0.022742
 0.001230 0.074307 0.923232 0.001230
 0.018378 0.000791 0.906085 0.074747
 0.997189 0.000791 0.000791 0.001230
 0.762568 0.077133 0.159068 0.001230
 0.912427 0.000791 0.000791 0.085992
 0.899352 0.000791 0.049709 0.050149
 0.823009 0.077133 0.000791 0.099067
 0.801515 0.049709 0.098627 0.050149
 0.727999 0.098627 0.098627 0.074747

MOTIF 39-AATCATGATTGWY STREME-39
letter-probability matrix: alength= 4 w= 13 nsites= 13 E= 5.0e+001
 0.694562 0.001081 0.001081 0.303276
 0.996155 0.001081 0.001081 0.001682
 0.001682 0.001081 0.001081 0.996155
 0.001682 0.995554 0.001081 0.001682
 0.996155 0.001081 0.001081 0.001682
 0.001682 0.001081 0.001081 0.996155
 0.001682 0.001081 0.995554 0.001682
 0.694942 0.001081 0.001081 0.302896
 0.001682 0.001081 0.001081 0.996155
 0.001682 0.001081 0.001081 0.996155
 0.001682 0.001081 0.995554 0.001682
 0.259561 0.201763 0.101612 0.437064
 0.169108 0.325853 0.001081 0.503958

MOTIF 40-AGCTGAAAGTCA STREME-40
letter-probability matrix: alength= 4 w= 12 nsites= 17 E= 5.0e+001
 0.832834 0.072260 0.053253 0.041654
 0.001788 0.001149 0.794746 0.202316
 0.001788 0.995274 0.001149 0.001788
 0.001788 0.001149 0.001149 0.995913
 0.001788 0.001149 0.995274 0.001788
 0.995913 0.001149 0.001149 0.001788
 0.924803 0.001149 0.001149 0.072899
 0.995913 0.001149 0.001149 0.001788
 0.001788 0.001149 0.995274 0.001788
 0.001788 0.072260 0.053253 0.872699
 0.001788 0.995274 0.001149 0.001788
 0.681533 0.072260 0.122962 0.123245

MOTIF 41-CATACTGTGCT STREME-41
letter-probability matrix: alength= 4 w= 11 nsites= 13 E= 5.0e+001
 0.002017 0.935906 0.001296 0.060781
 0.884521 0.001296 0.001296 0.112886
 0.002017 0.001296 0.001296 0.995391
 0.936627 0.060060 0.001296 0.002017
 0.002017 0.994670 0.001296 0.002017
 0.082218 0.081497 0.001296 0.834989
 0.002017 0.001296 0.994670 0.002017
 0.037285 0.001296 0.001296 0.960123
 0.002017 0.001296 0.994670 0.002017
 0.002017 0.994670 0.001296 0.002017
 0.177877 0.081497 0.138682 0.601944

MOTIF 42-CACTTCTATCAC STREME-42
letter-probability matrix: alength= 4 w= 12 nsites= 15 E= 5.0e+001
 0.001765 0.943921 0.001134 0.053180
 0.804210 0.071305 0.071305 0.053180
 0.001765 0.995336 0.001134 0.001765
 0.001765 0.001134 0.052549 0.944552
 0.123351 0.001134 0.001134 0.874381
 0.001765 0.995336 0.001134 0.001765
 0.001765 0.001134 0.052549 0.944552
 0.898963 0.001134 0.001134 0.098769
 0.001765 0.001134 0.071305 0.925796
 0.001765 0.995336 0.001134 0.001765
 0.925796 0.001134 0.001134 0.071936
 0.107221 0.654654 0.166189 0.071936

MOTIF 43-AAGAAATGTAAGT STREME-43
letter-probability matrix: alength= 4 w= 13 nsites= 9 E= 5.0e+001
 0.993711 0.001769 0.001769 0.002752
 0.884279 0.111200 0.001769 0.002752
 0.002752 0.001769 0.912545 0.082934
 0.884279 0.111200 0.001769 0.002752
 0.884279 0.001769 0.001769 0.112184
 0.993711 0.001769 0.001769 0.002752
 0.002752 0.001769 0.001769 0.993711
 0.002752 0.111200 0.883295 0.002752
 0.002752 0.001769 0.001769 0.993711
 0.993711 0.001769 0.001769 0.002752
 0.993711 0.001769 0.001769 0.002752
 0.002752 0.001769 0.992727 0.002752
 0.002752 0.001769 0.310360 0.685119

MOTIF 44-ATCAGGGTG STREME-44
letter-probability matrix: alength= 4 w= 9 nsites= 18 E= 5.0e+001
 0.936764 0.017782 0.017782 0.027673
 0.027673 0.017782 0.017782 0.936764
 0.027673 0.926873 0.017782 0.027673
 0.936764 0.017782 0.017782 0.027673
 0.027673 0.017782 0.926873 0.027673
 0.027673 0.017782 0.926873 0.027673
 0.027673 0.017782 0.926873 0.027673
 0.027673 0.017782 0.017782 0.936764
 0.027673 0.017782 0.926873 0.027673

MOTIF 45-AAATGGTAC STREME-45
letter-probability matrix: alength= 4 w= 9 nsites= 24 E= 5.0e+001
 0.936764 0.017782 0.017782 0.027673
 0.936764 0.017782 0.017782 0.027673
 0.936764 0.017782 0.017782 0.027673
 0.027673 0.017782 0.017782 0.936764
 0.027673 0.017782 0.926873 0.027673
 0.027673 0.017782 0.926873 0.027673
 0.027673 0.017782 0.017782 0.936764
 0.936764 0.017782 0.017782 0.027673
 0.027673 0.926873 0.017782 0.027673

MOTIF 46-GAAATCGACAACC STREME-46
letter-probability matrix: alength= 4 w= 13 nsites= 9 E= 5.0e+001
 0.002914 0.001872 0.992300 0.002914
 0.993341 0.001872 0.001872 0.002914
 0.877484 0.117730 0.001872 0.002914
 0.993341 0.001872 0.001872 0.002914
 0.002914 0.001872 0.001872 0.993341
 0.002914 0.992300 0.001872 0.002914
 0.002914 0.001872 0.992300 0.002914
 0.993341 0.001872 0.001872 0.002914
 0.002914 0.876443 0.117730 0.002914
 0.993341 0.001872 0.001872 0.002914
 0.993341 0.001872 0.001872 0.002914
 0.002914 0.992300 0.001872 0.002914
 0.002914 0.760585 0.117730 0.118771

MOTIF 47-GCTATTTTTGTCCA STREME-47
letter-probability matrix: alength= 4 w= 14 nsites= 6 E= 5.0e+001
 0.188762 0.001996 0.682599 0.126643
 0.003107 0.991790 0.001996 0.003107
 0.003107 0.001996 0.001996 0.992900
 0.992900 0.001996 0.001996 0.003107
 0.003107 0.001996 0.001996 0.992900
 0.003107 0.001996 0.001996 0.992900
 0.003107 0.001996 0.001996 0.992900
 0.003107 0.001996 0.001996 0.992900
 0.003107 0.001996 0.001996 0.992900
 0.003107 0.001996 0.991790 0.003107
 0.003107 0.001996 0.001996 0.992900
 0.003107 0.991790 0.001996 0.003107
 0.126643 0.868254 0.001996 0.003107
 0.992900 0.001996 0.001996 0.003107

MOTIF 48-AACCAATTCAAA STREME-48
letter-probability matrix: alength= 4 w= 12 nsites= 7 E= 5.0e+001
 0.993080 0.001946 0.001946 0.003028
 0.993080 0.001946 0.001946 0.003028
 0.003028 0.991997 0.001946 0.003028
 0.003028 0.991997 0.001946 0.003028
 0.872670 0.001946 0.001946 0.123438
 0.993080 0.001946 0.001946 0.003028
 0.003028 0.001946 0.001946 0.993080
 0.003028 0.001946 0.001946 0.993080
 0.003028 0.991997 0.001946 0.003028
 0.993080 0.001946 0.001946 0.003028
 0.872670 0.001946 0.001946 0.123438
 0.786816 0.001946 0.001946 0.209292

MOTIF 49-CCATAGAGGAACA STREME-49
letter-probability matrix: alength= 4 w= 13 nsites= 7 E= 5.0e+001
 0.003122 0.991750 0.002006 0.003122
 0.003122 0.991750 0.002006 0.003122
 0.992866 0.002006 0.002006 0.003122
 0.003122 0.002006 0.002006 0.992866
 0.992866 0.002006 0.002006 0.003122
 0.003122 0.002006 0.991750 0.003122
 0.868743 0.002006 0.126130 0.003122
 0.003122 0.002006 0.867627 0.127245
 0.003122 0.002006 0.991750 0.003122
 0.744619 0.002006 0.126130 0.127245
 0.682204 0.188544 0.002006 0.127245
 0.003122 0.991750 0.002006 0.003122
 0.682204 0.002006 0.002006 0.313784

MOTIF 50-TAAACATTGA STREME-50
letter-probability matrix: alength= 4 w= 10 nsites= 18 E= 5.0e+001
 0.027673 0.017782 0.017782 0.936764
 0.936764 0.017782 0.017782 0.027673
 0.936764 0.017782 0.017782 0.027673
 0.936764 0.017782 0.017782 0.027673
 0.027673 0.926873 0.017782 0.027673
 0.936764 0.017782 0.017782 0.027673
 0.027673 0.017782 0.017782 0.936764
 0.027673 0.017782 0.017782 0.936764
 0.027673 0.017782 0.926873 0.027673
 0.936764 0.017782 0.017782 0.027673

********************************************************************************
Stopped because 50 consecutive motifs exceeded the p-value threshold (0.05).
********************************************************************************
COMMAND:	streme --oc streme_output_upOralEpi --p promoters_500_upstream_upOralEpi.fasta --n promoters_500_upstream.fasta --patience 50 --dna --thresh 0.05
********************************************************************************
CPU:		gypsum-gpu063
********************************************************************************
FINALTIME:	3437.31 seconds
********************************************************************************
