********************************************************************************
STREME - Sensitive, Thorough, Rapid, Enriched Motif Elicitation
********************************************************************************
MEME version 5.5.7 (Release date: Wed Jun 19 13:59:04 2024 -0700)

For further information on how to interpret these results please access http://localhost:8080/meme_5.5.7.
To get a copy of the MEME Suite software please access https://meme-suite.org.

********************************************************************************


********************************************************************************
REFERENCE
********************************************************************************
If you use this program in your research, please cite:

Timothy L. Bailey,
"STREME: accurate and versatile sequence motif discovery",
Bioinformatics, Mar. 24, 2021.
********************************************************************************


ALPHABET= ACGT

strands: + -

Background letter frequencies
A 0.306 C 0.194 G 0.194 T 0.306 

MOTIF 1-GAAGAATCAGGY STREME-1
letter-probability matrix: alength= 4 w= 12 nsites= 796 E= 7.8e-002
 0.021441 0.020695 0.910323 0.047541
 0.829397 0.026419 0.039013 0.105170
 0.810383 0.035810 0.063519 0.090288
 0.045764 0.024361 0.870190 0.059684
 0.764059 0.054128 0.056417 0.125396
 0.848326 0.040158 0.032144 0.079371
 0.115862 0.096494 0.042449 0.745195
 0.099681 0.728496 0.095659 0.076163
 0.611109 0.126027 0.079549 0.183315
 0.214641 0.090996 0.511711 0.182652
 0.139145 0.074969 0.587453 0.198433
 0.209977 0.433942 0.084127 0.271954

MOTIF 2-CCGCTGATGA STREME-2
letter-probability matrix: alength= 4 w= 10 nsites= 226 E= 1.3e-001
 0.000979 0.997422 0.000621 0.000979
 0.000979 0.981261 0.016781 0.000979
 0.017139 0.024865 0.932768 0.025228
 0.009058 0.981264 0.000621 0.009058
 0.075326 0.081432 0.024857 0.818385
 0.220837 0.000621 0.769484 0.009059
 0.811836 0.032937 0.109489 0.045738
 0.073722 0.209080 0.105670 0.611529
 0.009907 0.196713 0.644991 0.148389
 0.745633 0.074973 0.032938 0.146456

MOTIF 3-AANATGGCGG STREME-3
letter-probability matrix: alength= 4 w= 10 nsites= 593 E= 3.7e-001
 0.883063 0.032699 0.029223 0.055014
 0.814670 0.063834 0.026538 0.094959
 0.228115 0.335922 0.260502 0.175460
 0.920548 0.012558 0.006396 0.060498
 0.012694 0.005586 0.006397 0.975323
 0.024614 0.012559 0.961624 0.001202
 0.019481 0.003775 0.976370 0.000373
 0.021944 0.922520 0.000237 0.055300
 0.005381 0.100226 0.894020 0.000373
 0.080928 0.034469 0.805649 0.078954

MOTIF 4-AAAATTTACAA STREME-4
letter-probability matrix: alength= 4 w= 11 nsites= 846 E= 1.0e+000
 0.841697 0.032046 0.042931 0.083326
 0.862557 0.031455 0.042463 0.063525
 0.858244 0.026642 0.037621 0.077493
 0.921030 0.038827 0.025177 0.014965
 0.040046 0.035498 0.037340 0.887116
 0.077019 0.040254 0.036983 0.845744
 0.070148 0.037592 0.050630 0.841630
 0.798913 0.052027 0.102193 0.046867
 0.006766 0.847656 0.042147 0.103431
 0.772222 0.057313 0.081683 0.088782
 0.756529 0.050895 0.060368 0.132208

MOTIF 5-AAAAAAAAAGAA STREME-5
letter-probability matrix: alength= 4 w= 12 nsites= 100 E= 2.5e+000
 0.983423 0.001149 0.001149 0.014280
 0.987843 0.001149 0.001149 0.009860
 0.917975 0.046018 0.017672 0.018335
 0.823615 0.043140 0.086564 0.046681
 0.749804 0.046018 0.165962 0.038216
 0.863154 0.050138 0.062866 0.023842
 0.921114 0.046018 0.001149 0.031720
 0.992870 0.001149 0.001149 0.004833
 0.995891 0.001149 0.001149 0.001812
 0.001812 0.001149 0.995228 0.001812
 0.987843 0.001149 0.001149 0.009860
 0.995891 0.001149 0.001149 0.001812

MOTIF 6-GGTGAAGAT STREME-6
letter-probability matrix: alength= 4 w= 9 nsites= 139 E= 5.2e+000
 0.020010 0.015482 0.963566 0.000943
 0.013168 0.000598 0.896277 0.089958
 0.060891 0.012060 0.031730 0.895319
 0.048923 0.027410 0.837005 0.086662
 0.938432 0.021106 0.000598 0.039865
 0.932101 0.047312 0.016158 0.004428
 0.000943 0.029075 0.925490 0.044493
 0.948874 0.005353 0.039527 0.006246
 0.172776 0.012679 0.078524 0.736021

MOTIF 7-CTTACATGAAGTA STREME-7
letter-probability matrix: alength= 4 w= 13 nsites= 87 E= 7.2e+000
 0.002357 0.838147 0.059858 0.099637
 0.216379 0.020949 0.001494 0.761178
 0.002357 0.001494 0.001494 0.994654
 0.994654 0.001494 0.001494 0.002357
 0.002357 0.915973 0.001494 0.080176
 0.994654 0.001494 0.001494 0.002357
 0.060721 0.118236 0.098775 0.722268
 0.080189 0.079313 0.818686 0.021812
 0.975199 0.020949 0.001494 0.002357
 0.624974 0.293355 0.040404 0.041266
 0.158001 0.059865 0.760322 0.021812
 0.021812 0.079334 0.001494 0.897360
 0.819521 0.137718 0.040404 0.002357

MOTIF 8-ACTTTCTTCT STREME-8
letter-probability matrix: alength= 4 w= 10 nsites= 60 E= 1.2e+001
 0.958407 0.038765 0.001098 0.001731
 0.001731 0.995440 0.001098 0.001731
 0.016019 0.029678 0.022150 0.932153
 0.004619 0.043976 0.015385 0.936021
 0.022784 0.018902 0.003985 0.954329
 0.101851 0.895321 0.001098 0.001731
 0.116173 0.029678 0.003985 0.850164
 0.044609 0.144201 0.008788 0.802401
 0.024077 0.973094 0.001098 0.001731
 0.101851 0.058278 0.101217 0.738654

MOTIF 9-AGGAAGCTATATGA STREME-9
letter-probability matrix: alength= 4 w= 14 nsites= 158 E= 1.3e+001
 0.721084 0.049009 0.049009 0.180898
 0.035466 0.035159 0.928536 0.000839
 0.014690 0.118263 0.824656 0.042391
 0.679527 0.111342 0.000532 0.208599
 0.887292 0.028233 0.007457 0.077018
 0.063170 0.000532 0.824652 0.111647
 0.063167 0.741548 0.021308 0.173977
 0.028540 0.083638 0.125188 0.762633
 0.748780 0.069788 0.118265 0.063167
 0.173972 0.145964 0.049009 0.631054
 0.818036 0.028233 0.125190 0.028540
 0.063167 0.049012 0.173668 0.714153
 0.139348 0.021308 0.658446 0.180898
 0.644902 0.111337 0.145966 0.097794

MOTIF 10-AATAAGCAAG STREME-10
letter-probability matrix: alength= 4 w= 10 nsites= 152 E= 1.5e+001
 0.620043 0.170496 0.155724 0.053736
 0.794386 0.129168 0.075551 0.000895
 0.000895 0.000567 0.000567 0.997970
 0.811403 0.000567 0.000567 0.187462
 0.835353 0.059673 0.093195 0.011778
 0.000895 0.000567 0.997643 0.000895
 0.000895 0.997643 0.000567 0.000895
 0.738659 0.000567 0.124281 0.136492
 0.727191 0.179164 0.000567 0.093077
 0.104572 0.000567 0.827398 0.067462

MOTIF 11-CTTCTTTGCT STREME-11
letter-probability matrix: alength= 4 w= 10 nsites= 343 E= 1.5e+001
 0.000365 0.993015 0.006255 0.000365
 0.018932 0.250617 0.007473 0.722978
 0.168411 0.029062 0.063625 0.738902
 0.062442 0.912453 0.024740 0.000365
 0.064416 0.125192 0.232964 0.577427
 0.123759 0.085931 0.000231 0.790079
 0.164839 0.013904 0.164687 0.656570
 0.034018 0.000231 0.965386 0.000365
 0.093440 0.889155 0.007681 0.009724
 0.076207 0.114844 0.045414 0.763535

MOTIF 12-AAAAACAAAACAA STREME-12
letter-probability matrix: alength= 4 w= 13 nsites= 40 E= 1.5e+001
 0.938880 0.002064 0.002064 0.056993
 0.885142 0.055802 0.055802 0.003255
 0.965754 0.002064 0.002064 0.030119
 0.885151 0.055802 0.028928 0.030119
 0.851009 0.009294 0.109577 0.030119
 0.003255 0.991426 0.002064 0.003255
 0.924429 0.028928 0.016524 0.030119
 0.965754 0.002064 0.002064 0.030119
 0.912016 0.055802 0.002064 0.030119
 0.911997 0.082685 0.002064 0.003255
 0.003255 0.991426 0.002064 0.003255
 0.965754 0.028928 0.002064 0.003255
 0.992618 0.002064 0.002064 0.003255

MOTIF 13-CGAAGACCACAA STREME-13
letter-probability matrix: alength= 4 w= 12 nsites= 49 E= 1.5e+001
 0.034607 0.928416 0.033238 0.003740
 0.034607 0.033238 0.866682 0.065473
 0.868051 0.002371 0.033238 0.096340
 0.929785 0.033238 0.002371 0.034607
 0.003740 0.002371 0.959282 0.034607
 0.806296 0.033238 0.094982 0.065484
 0.065473 0.804949 0.002371 0.127207
 0.127228 0.835794 0.002371 0.034607
 0.868051 0.033238 0.033238 0.065473
 0.034607 0.835816 0.064104 0.065473
 0.744573 0.002371 0.187582 0.065473
 0.682829 0.033238 0.002371 0.281562

MOTIF 14-AGCCGAGA STREME-14
letter-probability matrix: alength= 4 w= 8 nsites= 123 E= 1.7e+001
 0.574395 0.154917 0.072196 0.198492
 0.001401 0.000888 0.996310 0.001401
 0.001401 0.996310 0.000888 0.001401
 0.001401 0.996310 0.000888 0.001401
 0.001401 0.000888 0.914867 0.082844
 0.980550 0.000888 0.017162 0.001401
 0.001401 0.000888 0.953445 0.044266
 0.635719 0.174761 0.022318 0.167201

MOTIF 15-AAGCAGGTT STREME-15
letter-probability matrix: alength= 4 w= 9 nsites= 206 E= 1.7e+001
 0.668549 0.116297 0.011905 0.203249
 0.854140 0.000561 0.059369 0.085930
 0.000885 0.019797 0.978433 0.000885
 0.000885 0.957557 0.000561 0.040997
 0.850601 0.147953 0.000561 0.000885
 0.062110 0.037018 0.899987 0.000885
 0.000885 0.200491 0.797739 0.000885
 0.000885 0.033898 0.004227 0.960990
 0.200116 0.031694 0.091789 0.676401

MOTIF 16-AGGTTCATWH STREME-16
letter-probability matrix: alength= 4 w= 10 nsites= 44 E= 2.0e+001
 0.993602 0.001788 0.001788 0.002821
 0.002821 0.001788 0.992570 0.002821
 0.002821 0.001788 0.992570 0.002821
 0.002821 0.001788 0.001788 0.993602
 0.095972 0.164785 0.001788 0.737455
 0.002821 0.992570 0.001788 0.002821
 0.911217 0.084174 0.001788 0.002821
 0.002821 0.001788 0.001788 0.993602
 0.620874 0.001788 0.001788 0.375549
 0.328863 0.234687 0.118230 0.318220

MOTIF 17-CTCCTCGA STREME-17
letter-probability matrix: alength= 4 w= 8 nsites= 38 E= 2.0e+001
 0.027818 0.926727 0.017636 0.027818
 0.027818 0.017636 0.017636 0.936909
 0.027818 0.926727 0.017636 0.027818
 0.027818 0.926727 0.017636 0.027818
 0.027818 0.017636 0.017636 0.936909
 0.027818 0.926727 0.017636 0.027818
 0.027818 0.017636 0.926727 0.027818
 0.936909 0.017636 0.017636 0.027818

MOTIF 18-ATATCAAAGATAAA STREME-18
letter-probability matrix: alength= 4 w= 14 nsites= 66 E= 2.0e+001
 0.923805 0.055956 0.000707 0.019532
 0.111620 0.009915 0.111205 0.767260
 0.960634 0.000707 0.009915 0.028743
 0.065576 0.000707 0.074372 0.859345
 0.019532 0.868148 0.019124 0.093197
 0.840932 0.037540 0.065164 0.056364
 0.785680 0.092792 0.055956 0.065573
 0.665977 0.083580 0.111205 0.139237
 0.019532 0.000707 0.895769 0.083992
 0.875903 0.019124 0.009915 0.095058
 0.083992 0.028332 0.048609 0.839068
 0.665971 0.138832 0.111205 0.083992
 0.813304 0.065164 0.083584 0.037948
 0.618073 0.168314 0.129624 0.083989

MOTIF 19-AAATTTTGTT STREME-19
letter-probability matrix: alength= 4 w= 10 nsites= 136 E= 2.1e+001
 0.907634 0.001028 0.001028 0.090311
 0.902091 0.001028 0.001028 0.095854
 0.996324 0.001028 0.001028 0.001621
 0.001621 0.001028 0.001028 0.996324
 0.087206 0.021968 0.001028 0.889798
 0.022382 0.001028 0.001028 0.975563
 0.081857 0.001028 0.001028 0.916088
 0.001621 0.001028 0.995731 0.001621
 0.001621 0.001028 0.001028 0.996324
 0.270047 0.001028 0.001028 0.727898

MOTIF 20-CTTTTGAAACTA STREME-20
letter-probability matrix: alength= 4 w= 12 nsites= 50 E= 2.4e+001
 0.003058 0.966704 0.027180 0.003058
 0.058649 0.052420 0.001939 0.886992
 0.003058 0.001939 0.001939 0.993064
 0.003058 0.001939 0.027180 0.967823
 0.331516 0.001939 0.001939 0.664607
 0.053548 0.001939 0.890964 0.053548
 0.967823 0.027180 0.001939 0.003058
 0.993064 0.001939 0.001939 0.003058
 0.967823 0.001939 0.001939 0.028299
 0.104061 0.683827 0.027180 0.184932
 0.003058 0.001939 0.001939 0.993064
 0.689830 0.001939 0.001939 0.306293

MOTIF 21-AAAGATGA STREME-21
letter-probability matrix: alength= 4 w= 8 nsites= 133 E= 2.5e+001
 0.936909 0.017636 0.017636 0.027818
 0.936909 0.017636 0.017636 0.027818
 0.936909 0.017636 0.017636 0.027818
 0.027818 0.017636 0.926727 0.027818
 0.936909 0.017636 0.017636 0.027818
 0.027818 0.017636 0.017636 0.936909
 0.027818 0.017636 0.926727 0.027818
 0.936909 0.017636 0.017636 0.027818

MOTIF 22-CCGGCAGTCT STREME-22
letter-probability matrix: alength= 4 w= 10 nsites= 40 E= 2.6e+001
 0.003716 0.959537 0.033030 0.003716
 0.034390 0.953339 0.002356 0.009915
 0.065074 0.002356 0.867496 0.065074
 0.003716 0.033030 0.898180 0.065074
 0.095769 0.652739 0.002356 0.249136
 0.868878 0.063703 0.063703 0.003716
 0.034390 0.002356 0.959537 0.003716
 0.065063 0.033030 0.033030 0.868878
 0.157116 0.744781 0.063714 0.034390
 0.034390 0.063703 0.063703 0.838204

MOTIF 23-CATRGCAAC STREME-23
letter-probability matrix: alength= 4 w= 9 nsites= 96 E= 2.8e+001
 0.001515 0.996009 0.000961 0.001515
 0.996564 0.000961 0.000961 0.001515
 0.001515 0.000961 0.000961 0.996564
 0.362837 0.000961 0.634687 0.001515
 0.001515 0.000961 0.996009 0.001515
 0.001515 0.938855 0.000961 0.058669
 0.724399 0.088545 0.150420 0.036637
 0.646037 0.038490 0.051009 0.264464
 0.001515 0.996009 0.000961 0.001515

MOTIF 24-AAATTCGAAAA STREME-24
letter-probability matrix: alength= 4 w= 11 nsites= 52 E= 2.8e+001
 0.983159 0.001591 0.001591 0.013659
 0.932151 0.063749 0.001591 0.002510
 0.994308 0.001591 0.001591 0.002510
 0.002510 0.001591 0.001591 0.994308
 0.009092 0.043022 0.001591 0.946295
 0.002510 0.993390 0.001591 0.002510
 0.002510 0.001591 0.993390 0.002510
 0.828525 0.001591 0.084483 0.085401
 0.807821 0.084483 0.043030 0.064667
 0.870007 0.022303 0.043022 0.064667
 0.766302 0.022303 0.063749 0.147647

MOTIF 25-AGTTAGTCA STREME-25
letter-probability matrix: alength= 4 w= 9 nsites= 50 E= 2.8e+001
 0.936909 0.017636 0.017636 0.027818
 0.027818 0.017636 0.926727 0.027818
 0.027818 0.017636 0.017636 0.936909
 0.027818 0.017636 0.017636 0.936909
 0.936909 0.017636 0.017636 0.027818
 0.027818 0.017636 0.926727 0.027818
 0.027818 0.017636 0.017636 0.936909
 0.027818 0.926727 0.017636 0.027818
 0.936909 0.017636 0.017636 0.027818

MOTIF 26-CTGGGATA STREME-26
letter-probability matrix: alength= 4 w= 8 nsites= 167 E= 2.9e+001
 0.037615 0.960053 0.000905 0.001427
 0.136174 0.008117 0.109281 0.746428
 0.018826 0.002950 0.976797 0.001427
 0.001427 0.000905 0.996242 0.001427
 0.001427 0.000905 0.886648 0.111021
 0.869821 0.025646 0.074904 0.029630
 0.001427 0.000905 0.000905 0.996764
 0.640264 0.225428 0.132881 0.001427

MOTIF 27-GAGCCCGCA STREME-27
letter-probability matrix: alength= 4 w= 9 nsites= 79 E= 3.0e+001
 0.063353 0.000794 0.913914 0.021939
 0.943662 0.031828 0.011135 0.013374
 0.001253 0.000794 0.996700 0.001253
 0.032287 0.965666 0.000794 0.001253
 0.063353 0.934599 0.000794 0.001253
 0.053003 0.810364 0.042180 0.094453
 0.073716 0.000794 0.882843 0.042646
 0.001253 0.924280 0.000794 0.073673
 0.686548 0.011135 0.238963 0.063353

MOTIF 28-CTAGTCTCYCTC STREME-28
letter-probability matrix: alength= 4 w= 12 nsites= 120 E= 3.0e+001
 0.049532 0.879940 0.009264 0.061264
 0.155901 0.251901 0.009264 0.582935
 0.756747 0.103898 0.026470 0.112885
 0.018249 0.229821 0.750888 0.001042
 0.018249 0.043676 0.026470 0.911605
 0.019987 0.823442 0.000661 0.155910
 0.112888 0.088430 0.000661 0.798021
 0.018249 0.894015 0.086695 0.001042
 0.026852 0.618713 0.035073 0.319362
 0.035455 0.945636 0.009264 0.009645
 0.152769 0.052279 0.121107 0.673845
 0.061267 0.902618 0.026470 0.009645

MOTIF 29-CAACGATG STREME-29
letter-probability matrix: alength= 4 w= 8 nsites= 122 E= 3.0e+001
 0.002247 0.994082 0.001424 0.002247
 0.687501 0.169637 0.137164 0.005697
 0.705168 0.105550 0.001424 0.187857
 0.002247 0.994082 0.001424 0.002247
 0.002247 0.001424 0.994082 0.002247
 0.994904 0.001424 0.001424 0.002247
 0.002247 0.001424 0.001424 0.994904
 0.002247 0.001424 0.994082 0.002247

MOTIF 30-AAAAAACTTTGA STREME-30
letter-probability matrix: alength= 4 w= 12 nsites= 136 E= 3.1e+001
 0.933911 0.006965 0.021210 0.037914
 0.821146 0.048391 0.052051 0.078412
 0.880684 0.019901 0.058708 0.040707
 0.840667 0.043492 0.019901 0.095941
 0.849821 0.047084 0.042788 0.060307
 0.943363 0.008272 0.010446 0.037919
 0.021976 0.917209 0.053563 0.007252
 0.080716 0.045775 0.066488 0.807022
 0.047368 0.052245 0.065185 0.835202
 0.082588 0.068662 0.058715 0.790035
 0.047380 0.013435 0.912528 0.026658
 0.809383 0.053556 0.064793 0.072267

MOTIF 31-GTTGTGAAAAA STREME-31
letter-probability matrix: alength= 4 w= 11 nsites= 54 E= 3.3e+001
 0.002668 0.001691 0.992973 0.002668
 0.002668 0.001691 0.001691 0.993950
 0.002668 0.001691 0.001691 0.993950
 0.090783 0.001691 0.904858 0.002668
 0.068742 0.045733 0.133872 0.751653
 0.002668 0.001691 0.992973 0.002668
 0.883833 0.067766 0.045733 0.002668
 0.993950 0.001691 0.001691 0.002668
 0.839752 0.023708 0.133872 0.002668
 0.949908 0.045733 0.001691 0.002668
 0.729582 0.133910 0.067766 0.068742

MOTIF 32-GATTACATA STREME-32
letter-probability matrix: alength= 4 w= 9 nsites= 85 E= 3.3e+001
 0.002144 0.001359 0.994353 0.002144
 0.995137 0.001359 0.001359 0.002144
 0.002144 0.260465 0.059339 0.678052
 0.002144 0.001359 0.001359 0.995137
 0.995137 0.001359 0.001359 0.002144
 0.002144 0.994353 0.001359 0.002144
 0.557355 0.180129 0.118828 0.143687
 0.002144 0.001359 0.001359 0.995137
 0.995137 0.001359 0.001359 0.002144

MOTIF 33-AGGGAATATC STREME-33
letter-probability matrix: alength= 4 w= 10 nsites= 43 E= 3.3e+001
 0.775497 0.064087 0.094961 0.065455
 0.003738 0.002370 0.990154 0.003738
 0.003738 0.002370 0.990154 0.003738
 0.003738 0.002370 0.897562 0.096330
 0.898952 0.002370 0.033223 0.065455
 0.929816 0.033223 0.002370 0.034591
 0.003738 0.002370 0.002370 0.991522
 0.991522 0.002370 0.002370 0.003738
 0.034591 0.187651 0.002370 0.775388
 0.189019 0.804873 0.002370 0.003738

MOTIF 34-AAACTGTGGTGC STREME-34
letter-probability matrix: alength= 4 w= 12 nsites= 40 E= 3.3e+001
 0.858487 0.001494 0.079304 0.060714
 0.819582 0.040399 0.020947 0.119072
 0.877933 0.059859 0.059852 0.002357
 0.002357 0.857624 0.059852 0.080167
 0.002357 0.079304 0.020947 0.897392
 0.060714 0.020947 0.896529 0.021809
 0.041262 0.079304 0.040399 0.839034
 0.099640 0.001494 0.896509 0.002357
 0.060714 0.020947 0.877077 0.041262
 0.041262 0.059852 0.020947 0.877939
 0.060714 0.001494 0.915982 0.021809
 0.060721 0.818712 0.040399 0.080167

MOTIF 35-ACACATTTA STREME-35
letter-probability matrix: alength= 4 w= 9 nsites= 49 E= 3.3e+001
 0.936909 0.017636 0.017636 0.027818
 0.027818 0.926727 0.017636 0.027818
 0.936909 0.017636 0.017636 0.027818
 0.027818 0.926727 0.017636 0.027818
 0.936909 0.017636 0.017636 0.027818
 0.027818 0.017636 0.017636 0.936909
 0.027818 0.017636 0.017636 0.936909
 0.027818 0.017636 0.017636 0.936909
 0.936909 0.017636 0.017636 0.027818

MOTIF 36-AGAATTTTCC STREME-36
letter-probability matrix: alength= 4 w= 10 nsites= 48 E= 3.3e+001
 0.995227 0.001334 0.001334 0.002105
 0.002105 0.001334 0.994456 0.002105
 0.923526 0.001334 0.001334 0.073806
 0.995227 0.001334 0.001334 0.002105
 0.002105 0.261622 0.036080 0.700193
 0.140673 0.018704 0.088221 0.752401
 0.002105 0.001334 0.001334 0.995227
 0.002105 0.157762 0.036080 0.804053
 0.002105 0.994456 0.001334 0.002105
 0.002105 0.994456 0.001334 0.002105

MOTIF 37-AAACAACCCACGWAT STREME-37
letter-probability matrix: alength= 4 w= 15 nsites= 65 E= 3.3e+001
 0.871504 0.016721 0.001193 0.110582
 0.902561 0.078836 0.016721 0.001882
 0.902561 0.032250 0.001193 0.063996
 0.001882 0.995044 0.001193 0.001882
 0.685158 0.156479 0.078839 0.079525
 0.918084 0.001193 0.001193 0.079530
 0.048467 0.855287 0.001193 0.095053
 0.063996 0.886344 0.016721 0.032939
 0.172696 0.653409 0.001193 0.172702
 0.871498 0.001193 0.047784 0.079525
 0.234819 0.606820 0.047779 0.110582
 0.172699 0.125422 0.637878 0.064001
 0.327994 0.140950 0.063307 0.467749
 0.638569 0.094370 0.109893 0.157168
 0.172707 0.125422 0.047779 0.654092

MOTIF 38-CAGAAAACAATCG STREME-38
letter-probability matrix: alength= 4 w= 13 nsites= 40 E= 3.3e+001
 0.115988 0.799353 0.050112 0.034547
 0.848936 0.001251 0.098979 0.050834
 0.050840 0.017538 0.897075 0.034547
 0.946664 0.001251 0.017538 0.034547
 0.800081 0.033825 0.082686 0.083408
 0.914090 0.050112 0.017538 0.018260
 0.914084 0.001251 0.033825 0.050840
 0.034553 0.864501 0.050112 0.050834
 0.930377 0.017538 0.017538 0.034547
 0.946664 0.001251 0.017538 0.034547
 0.181159 0.017538 0.033825 0.767478
 0.083408 0.717901 0.147857 0.050834
 0.083408 0.050112 0.831932 0.034547

MOTIF 39-AAATTATATTYATT STREME-39
letter-probability matrix: alength= 4 w= 14 nsites= 46 E= 3.3e+001
 0.994548 0.001524 0.001524 0.002404
 0.994548 0.001524 0.001524 0.002404
 0.994548 0.001524 0.001524 0.002404
 0.081772 0.041208 0.080899 0.796120
 0.260378 0.001524 0.001524 0.736573
 0.954863 0.041208 0.001524 0.002404
 0.002404 0.001524 0.100734 0.895337
 0.776285 0.219787 0.001524 0.002404
 0.061930 0.001524 0.160281 0.776264
 0.101614 0.001524 0.160267 0.736594
 0.002404 0.616669 0.001524 0.379403
 0.994548 0.001524 0.001524 0.002404
 0.002404 0.061050 0.100741 0.835804
 0.101621 0.041208 0.259485 0.597686

MOTIF 40-CAAAGARAAAAAK STREME-40
letter-probability matrix: alength= 4 w= 13 nsites= 33 E= 3.3e+001
 0.208276 0.784991 0.002612 0.004120
 0.990655 0.002612 0.002612 0.004120
 0.990655 0.002612 0.002612 0.004120
 0.922643 0.070624 0.002612 0.004120
 0.004120 0.002612 0.989147 0.004120
 0.990655 0.002612 0.002612 0.004120
 0.616505 0.036618 0.342757 0.004120
 0.956649 0.002612 0.002612 0.038126
 0.990655 0.002612 0.002612 0.004120
 0.990655 0.002612 0.002612 0.004120
 0.922643 0.070624 0.002612 0.004120
 0.990655 0.002612 0.002612 0.004120
 0.174222 0.002612 0.546853 0.276312

MOTIF 41-AGGCCTGGBTACDA STREME-41
letter-probability matrix: alength= 4 w= 14 nsites= 210 E= 3.3e+001
 0.765206 0.026922 0.037528 0.170344
 0.239122 0.000407 0.759828 0.000643
 0.016551 0.058740 0.918763 0.005946
 0.197929 0.694956 0.000407 0.106708
 0.000643 0.604965 0.111772 0.282620
 0.154433 0.058740 0.000407 0.786420
 0.005946 0.000407 0.993005 0.000643
 0.000643 0.000407 0.961187 0.037763
 0.113079 0.228437 0.249495 0.408989
 0.196698 0.102238 0.143592 0.557473
 0.712175 0.042831 0.196623 0.048370
 0.000643 0.998308 0.000407 0.000643
 0.287013 0.164800 0.186021 0.362166
 0.696264 0.090559 0.005710 0.207466

MOTIF 42-GGTACCAACA STREME-42
letter-probability matrix: alength= 4 w= 10 nsites= 74 E= 3.3e+001
 0.201366 0.001095 0.795812 0.001727
 0.001727 0.008768 0.987778 0.001727
 0.001727 0.001095 0.015349 0.981829
 0.924792 0.001095 0.029608 0.044505
 0.001727 0.924170 0.043863 0.030240
 0.058774 0.881377 0.029608 0.030240
 0.739472 0.058117 0.072381 0.130030
 0.765098 0.032484 0.100902 0.101516
 0.001727 0.810084 0.058142 0.130047
 0.736579 0.072371 0.015352 0.175698

MOTIF 43-AAAGGAAATGATCAH STREME-43
letter-probability matrix: alength= 4 w= 15 nsites= 150 E= 3.3e+001
 0.833746 0.055317 0.055317 0.055620
 0.867988 0.000526 0.000526 0.130960
 0.757022 0.014224 0.110107 0.118646
 0.041923 0.027924 0.830669 0.099484
 0.021376 0.000526 0.977268 0.000830
 0.895386 0.034770 0.048468 0.021376
 0.833739 0.110115 0.021073 0.035074
 0.710465 0.062166 0.144352 0.083018
 0.063853 0.014226 0.123805 0.798115
 0.098102 0.000526 0.852597 0.048774
 0.785799 0.021073 0.110112 0.083016
 0.118651 0.014224 0.014224 0.852901
 0.228225 0.522467 0.075863 0.173444
 0.840595 0.041619 0.055317 0.062469
 0.206302 0.377255 0.034770 0.381673

MOTIF 44-TTAAAAACAA STREME-44
letter-probability matrix: alength= 4 w= 10 nsites= 64 E= 3.3e+001
 0.002285 0.001449 0.001449 0.994818
 0.002285 0.001449 0.001449 0.994818
 0.994818 0.001449 0.001449 0.002285
 0.938167 0.001449 0.029235 0.031150
 0.567782 0.190321 0.095818 0.146078
 0.933030 0.001449 0.001449 0.064073
 0.994818 0.001449 0.001449 0.002285
 0.002285 0.993982 0.001449 0.002285
 0.929821 0.001449 0.001449 0.067282
 0.994818 0.001449 0.001449 0.002285

MOTIF 45-GAAAGAGC STREME-45
letter-probability matrix: alength= 4 w= 8 nsites= 96 E= 3.3e+001
 0.027818 0.017636 0.926727 0.027818
 0.936909 0.017636 0.017636 0.027818
 0.936909 0.017636 0.017636 0.027818
 0.936909 0.017636 0.017636 0.027818
 0.027818 0.017636 0.926727 0.027818
 0.936909 0.017636 0.017636 0.027818
 0.027818 0.017636 0.926727 0.027818
 0.027818 0.926727 0.017636 0.027818

MOTIF 46-AATATTCAAA STREME-46
letter-probability matrix: alength= 4 w= 10 nsites= 126 E= 3.5e+001
 0.996262 0.001045 0.001045 0.001648
 0.933086 0.001045 0.064221 0.001648
 0.001648 0.001045 0.001045 0.996262
 0.996262 0.001045 0.001045 0.001648
 0.094840 0.001045 0.069114 0.835001
 0.001648 0.096375 0.001045 0.900932
 0.001648 0.995658 0.001045 0.001648
 0.955428 0.001045 0.041879 0.001648
 0.872761 0.066183 0.059408 0.001648
 0.737370 0.001045 0.137327 0.124258

MOTIF 47-AGAAGACT STREME-47
letter-probability matrix: alength= 4 w= 8 nsites= 307 E= 3.7e+001
 0.784874 0.185020 0.028925 0.001182
 0.001182 0.000749 0.996888 0.001182
 0.800942 0.066277 0.093884 0.038896
 0.877163 0.005904 0.042813 0.074121
 0.001182 0.000749 0.996888 0.001182
 0.905863 0.000749 0.000749 0.092639
 0.001182 0.996888 0.000749 0.001182
 0.001182 0.081741 0.000749 0.916328

MOTIF 48-TTGATGCAAA STREME-48
letter-probability matrix: alength= 4 w= 10 nsites= 73 E= 3.7e+001
 0.001794 0.001137 0.001137 0.995932
 0.183639 0.001137 0.001137 0.814087
 0.001794 0.001137 0.995275 0.001794
 0.995932 0.001137 0.001137 0.001794
 0.001794 0.001137 0.001137 0.995932
 0.001794 0.001137 0.995275 0.001794
 0.001794 0.995275 0.001137 0.001794
 0.543478 0.267856 0.060391 0.128275
 0.917804 0.001137 0.001137 0.079922
 0.617584 0.149255 0.075217 0.157944

MOTIF 49-AAATTCTTGTA STREME-49
letter-probability matrix: alength= 4 w= 11 nsites= 71 E= 3.8e+001
 0.850741 0.011257 0.042641 0.095361
 0.850743 0.011257 0.011257 0.126743
 0.903023 0.000803 0.063541 0.032632
 0.032628 0.021711 0.011259 0.934402
 0.105821 0.032169 0.084453 0.777558
 0.001267 0.942324 0.032176 0.024233
 0.064012 0.021715 0.021711 0.892562
 0.084905 0.021715 0.032169 0.861211
 0.022178 0.011257 0.902519 0.064045
 0.022516 0.042641 0.021715 0.913129
 0.892529 0.042641 0.011257 0.053573

MOTIF 50-AAAATTTATTT STREME-50
letter-probability matrix: alength= 4 w= 11 nsites= 107 E= 3.8e+001
 0.902035 0.000908 0.095624 0.001433
 0.638962 0.060074 0.055822 0.245142
 0.942809 0.000908 0.000908 0.055374
 0.925726 0.071933 0.000908 0.001433
 0.001433 0.000908 0.097419 0.900240
 0.028537 0.024562 0.000908 0.945993
 0.001433 0.000908 0.000908 0.996751
 0.996751 0.000908 0.000908 0.001433
 0.001433 0.000908 0.071920 0.925739
 0.072445 0.083728 0.000908 0.842919
 0.001433 0.000908 0.071933 0.925726

MOTIF 51-AATAATGATAA STREME-51
letter-probability matrix: alength= 4 w= 11 nsites= 82 E= 4.0e+001
 0.913386 0.028667 0.028667 0.029279
 0.651029 0.125315 0.001060 0.222596
 0.001672 0.001060 0.001060 0.996207
 0.996207 0.001060 0.001060 0.001672
 0.858118 0.001060 0.139150 0.001672
 0.001672 0.001060 0.001060 0.996207
 0.001672 0.001060 0.995595 0.001672
 0.789158 0.125293 0.083877 0.001672
 0.001672 0.001060 0.001060 0.996207
 0.996207 0.001060 0.001060 0.001672
 0.651017 0.180529 0.001060 0.167393

MOTIF 52-AAAGGAAAATT STREME-52
letter-probability matrix: alength= 4 w= 11 nsites= 181 E= 4.2e+001
 0.797519 0.036691 0.092653 0.073138
 0.940216 0.000555 0.022229 0.037001
 0.998015 0.000555 0.000555 0.000875
 0.000875 0.029458 0.918166 0.051501
 0.073165 0.000555 0.838573 0.087708
 0.785054 0.015001 0.000555 0.199389
 0.969112 0.000555 0.029458 0.000875
 0.833611 0.059821 0.000555 0.106012
 0.932971 0.065599 0.000555 0.000875
 0.000875 0.000555 0.000555 0.998015
 0.074374 0.000555 0.062272 0.862799

MOTIF 53-GAAGAAGA STREME-53
letter-probability matrix: alength= 4 w= 8 nsites= 798 E= 4.3e+001
 0.000647 0.000410 0.998295 0.000647
 0.734763 0.142685 0.115227 0.007324
 0.612614 0.164251 0.222488 0.000647
 0.000647 0.000410 0.998295 0.000647
 0.806314 0.021659 0.031778 0.140249
 0.691616 0.063401 0.232787 0.012197
 0.000647 0.000410 0.998295 0.000647
 0.815843 0.000410 0.016244 0.167503

MOTIF 54-AAAATTTTAAGTT STREME-54
letter-probability matrix: alength= 4 w= 13 nsites= 50 E= 4.3e+001
 0.829019 0.084235 0.042915 0.043831
 0.767039 0.001587 0.001587 0.229787
 0.932342 0.001587 0.001587 0.064484
 0.953002 0.022247 0.001587 0.023163
 0.002503 0.022247 0.022247 0.953002
 0.002503 0.001587 0.001587 0.994323
 0.291760 0.022247 0.001587 0.684405
 0.105811 0.001587 0.125563 0.767039
 0.911675 0.063575 0.001587 0.023163
 0.911682 0.001587 0.084228 0.002503
 0.085166 0.063575 0.848756 0.002503
 0.002503 0.001587 0.001587 0.994323
 0.023163 0.001587 0.146216 0.829034

MOTIF 55-CTTTGTTTTCC STREME-55
letter-probability matrix: alength= 4 w= 11 nsites= 55 E= 4.3e+001
 0.003238 0.991470 0.002053 0.003238
 0.056704 0.002053 0.002053 0.939190
 0.003238 0.002053 0.002053 0.992655
 0.110207 0.055519 0.082265 0.752009
 0.003238 0.002053 0.991470 0.003238
 0.190532 0.002053 0.055519 0.751896
 0.029966 0.028781 0.028781 0.912471
 0.083451 0.082265 0.002053 0.832231
 0.110207 0.002053 0.002053 0.885687
 0.003238 0.991470 0.002053 0.003238
 0.003238 0.991470 0.002053 0.003238

********************************************************************************
Stopped because 50 consecutive motifs exceeded the p-value threshold (0.05).
********************************************************************************
COMMAND:	streme --oc streme_relative_output_upOralEpi --p promoters_500_upstream_upOralEpi.fasta --n promoters_500_upstream_upAboral.fasta --patience 50 --dna --thresh 0.05
********************************************************************************
CPU:		gypsum-gpu063
********************************************************************************
FINALTIME:	1023.10 seconds
********************************************************************************
