chrm	strand	event_id	is_annotated	gene_name	e1_start	e1_end	e2_start	e2_end	e3_start	e3_end	e4_start	e4_end	LCM_4:e1_cov	LCM_4:e2_cov	LCM_4:e3_cov	LCM_4:e4_cov	LCM_4:e1e2_conf	LCM_4:e1e3_conf	LCM_4:e2e4_conf	LCM_4:e3e4_conf	LCM_4:psi	LCM_5:e1_cov	LCM_5:e2_cov	LCM_5:e3_cov	LCM_5:e4_cov	LCM_5:e1e2_conf	LCM_5:e1e3_conf	LCM_5:e2e4_conf	LCM_5:e3e4_conf	LCM_5:psi	LCM_8:e1_cov	LCM_8:e2_cov	LCM_8:e3_cov	LCM_8:e4_cov	LCM_8:e1e2_conf	LCM_8:e1e3_conf	LCM_8:e2e4_conf	LCM_8:e3e4_conf	LCM_8:psi	LCM_9:e1_cov	LCM_9:e2_cov	LCM_9:e3_cov	LCM_9:e4_cov	LCM_9:e1e2_conf	LCM_9:e1e3_conf	LCM_9:e2e4_conf	LCM_9:e3e4_conf	LCM_9:psi	LCM_15:e1_cov	LCM_15:e2_cov	LCM_15:e3_cov	LCM_15:e4_cov	LCM_15:e1e2_conf	LCM_15:e1e3_conf	LCM_15:e2e4_conf	LCM_15:e3e4_conf	LCM_15:psi	LCM_16:e1_cov	LCM_16:e2_cov	LCM_16:e3_cov	LCM_16:e4_cov	LCM_16:e1e2_conf	LCM_16:e1e3_conf	LCM_16:e2e4_conf	LCM_16:e3e4_conf	LCM_16:psi	LCM_20:e1_cov	LCM_20:e2_cov	LCM_20:e3_cov	LCM_20:e4_cov	LCM_20:e1e2_conf	LCM_20:e1e3_conf	LCM_20:e2e4_conf	LCM_20:e3e4_conf	LCM_20:psi	LCM_21:e1_cov	LCM_21:e2_cov	LCM_21:e3_cov	LCM_21:e4_cov	LCM_21:e1e2_conf	LCM_21:e1e3_conf	LCM_21:e2e4_conf	LCM_21:e3e4_conf	LCM_21:psi	LCM_26:e1_cov	LCM_26:e2_cov	LCM_26:e3_cov	LCM_26:e4_cov	LCM_26:e1e2_conf	LCM_26:e1e3_conf	LCM_26:e2e4_conf	LCM_26:e3e4_conf	LCM_26:psi	LCM_27:e1_cov	LCM_27:e2_cov	LCM_27:e3_cov	LCM_27:e4_cov	LCM_27:e1e2_conf	LCM_27:e1e3_conf	LCM_27:e2e4_conf	LCM_27:e3e4_conf	LCM_27:psi
Pocillopora_acuta_HIv2___Sc0000000	+	mutex_exons.1	0	Pocillopora_acuta_HIv2___RNAseq.g27572.t1	2515702	2515800	2516702	2516743	2516617	2516659	2517784	2518620	0.0	0.0	0.0	0.1	0	0	0	0	nan	3.2	0.0	0.0	11.3	0	0	0	0	nan	0.0	0.0	0.0	0.8	0	0	0	0	nan	16.6	26.0	0.0	16.0	26	0	22	0	0.00	19.9	33.4	0.0	17.6	30	0	40	0	0.00	0.0	0.0	0.0	0.0	0	0	0	0	nan	125.7	37.2	100.8	29.1	33	101	40	93	0.73	38.9	5.7	37.6	47.4	4	43	7	34	0.88	91.9	39.6	45.2	51.3	35	42	41	45	0.53	0.0	0.0	0.0	58.1	0	0	0	0	nan
Pocillopora_acuta_HIv2___Sc0000002	+	mutex_exons.5	0	Pocillopora_acuta_HIv2___RNAseq.g24790.t1	1643392	1643430	1644505	1644575	1646922	1646992	1648102	1649207	0.0	0.0	0.0	0.0	0	0	0	0	nan	0.0	0.0	1.5	20.9	0	0	0	2	nan	0.0	0.0	0.0	32.1	0	0	0	0	nan	0.0	0.0	0.0	0.8	0	0	0	0	nan	0.0	0.0	37.9	37.9	0	0	0	39	1.00	0.0	2.0	97.4	42.5	0	0	0	86	1.00	0.0	0.0	0.0	60.5	0	0	0	0	nan	0.0	0.0	0.0	3.4	0	0	0	0	nan	37.5	16.1	68.0	125.0	12	26	7	63	0.82	0.0	0.0	0.0	28.3	0	0	0	0	nan
Pocillopora_acuta_HIv2___Sc0000003	+	mutex_exons.7	0	Pocillopora_acuta_HIv2___TS.g8089.t1	3664662	3664724	3664951	3665001	3665968	3666018	3669330	3669392	0.0	0.0	0.0	0.0	0	0	0	0	nan	8.8	9.1	10.3	24.7	10	0	0	8	0.44	0.0	0.0	0.0	0.0	0	0	0	0	nan	0.0	0.0	0.0	0.0	0	0	0	0	nan	76.1	55.2	67.1	123.9	54	21	27	60	0.50	0.0	0.0	0.0	0.0	0	0	0	0	nan	3.5	4.4	0.0	7.0	3	0	3	0	nan	0.0	0.0	0.0	0.0	0	0	0	0	nan	49.5	40.0	32.4	61.4	37	0	0	26	0.41	0.0	0.0	0.0	0.0	0	0	0	0	nan
Pocillopora_acuta_HIv2___Sc0000003	+	mutex_exons.8	0	Pocillopora_acuta_HIv2___TS.g8089.t1	3665663	3665725	3665968	3666018	3668619	3668669	3669330	3669392	0.0	0.0	0.0	0.0	0	0	0	0	nan	17.0	10.3	24.8	24.7	12	6	8	21	0.57	0.0	0.0	0.0	0.0	0	0	0	0	nan	0.0	0.0	0.0	0.0	0	0	0	0	nan	66.8	67.1	132.2	123.9	41	0	60	82	0.45	0.0	0.0	0.0	0.0	0	0	0	0	nan	0.5	0.0	0.0	7.0	0	0	0	0	nan	0.0	0.0	0.0	0.0	0	0	0	0	nan	43.4	32.4	43.9	61.4	30	0	26	30	0.35	0.0	0.0	0.0	0.0	0	0	0	0	nan
Pocillopora_acuta_HIv2___Sc0000003	+	mutex_exons.9	1	Pocillopora_acuta_HIv2___RNAseq.g5399.t1	8197687	8197777	8197903	8198014	8198061	8198172	8198612	8199812	93.2	118.5	0.0	76.8	108	0	112	0	0.00	85.9	84.0	38.6	88.9	72	30	96	38	0.29	0.0	0.0	0.0	34.2	0	0	0	0	nan	0.0	0.0	0.0	0.0	0	0	0	0	nan	82.4	126.5	0.0	126.0	104	0	138	0	0.00	53.4	50.6	0.0	5.9	50	0	40	0	0.00	94.4	58.8	35.2	120.1	62	40	64	25	0.34	0.0	0.0	0.0	10.7	0	0	0	0	nan	134.7	170.5	0.0	173.3	135	0	198	0	0.00	0.0	0.0	0.0	5.3	0	0	0	0	nan
Pocillopora_acuta_HIv2___Sc0000003	-	mutex_exons.10	1	Pocillopora_acuta_HIv2___RNAseq.g4920.t1	2929725	2929782	2930134	2930288	2929928	2930093	2930734	2930768	0.0	0.0	0.0	0.0	0	0	0	0	nan	218.2	21.0	204.8	239.1	0	176	0	192	1.00	0.0	0.0	0.0	0.0	0	0	0	0	nan	109.9	0.0	149.0	177.0	0	88	0	183	1.00	54.4	39.3	69.1	73.0	0	35	0	43	1.00	16.1	72.2	39.6	67.3	0	0	0	0	nan	266.3	92.1	251.7	214.5	22	202	0	181	0.95	48.1	42.7	0.0	83.3	38	0	0	0	0.00	210.1	44.5	139.2	190.1	74	91	29	143	0.69	0.0	0.0	0.0	0.0	0	0	0	0	nan
Pocillopora_acuta_HIv2___Sc0000003	-	mutex_exons.16	0	Pocillopora_acuta_HIv2___RNAseq.g5095.t1	4811456	4811775	4812140	4812362	4815498	4815720	4816352	4816729	4.4	62.4	3.6	10.9	0	3	14	3	0.30	0.0	0.0	0.0	3.7	0	0	0	0	nan	24.2	89.5	48.1	0.0	23	54	0	0	0.70	0.0	0.0	0.0	0.0	0	0	0	0	nan	18.9	95.1	38.5	51.0	3	37	85	0	0.30	1.5	0.0	0.0	0.0	0	0	0	0	nan	2.9	57.6	18.7	36.7	3	14	48	0	0.22	0.0	14.1	0.0	8.9	0	0	6	0	nan	6.6	36.6	5.6	23.6	15	0	9	4	0.14	8.9	32.6	5.8	14.3	13	0	15	0	0.00
Pocillopora_acuta_HIv2___Sc0000003	-	mutex_exons.18	0	Pocillopora_acuta_HIv2___RNAseq.g5260.t1	6693078	6693151	6693764	6693795	6693438	6693478	6694266	6694345	140.1	0.0	115.1	84.2	0	129	0	103	1.00	306.9	50.1	57.7	253.1	21	19	19	17	0.47	0.0	0.0	0.0	58.7	0	0	0	0	nan	2.5	0.0	0.0	13.4	0	0	0	0	nan	5.6	4.8	0.0	102.7	2	0	4	0	nan	38.1	54.7	0.0	141.4	56	0	51	0	0.00	96.6	5.9	22.3	67.1	0	0	0	0	nan	61.6	0.0	0.0	111.0	0	0	0	0	nan	213.2	91.2	48.0	191.2	69	45	64	0	0.25	0.0	0.0	0.0	18.2	0	0	0	0	nan
Pocillopora_acuta_HIv2___Sc0000004	-	mutex_exons.19	2	Pocillopora_acuta_HIv2___TS.g15122.t3	76903	77798	78072	78117	77968	78015	78218	78357	15.0	0.0	0.0	0.0	0	0	0	0	nan	263.4	293.0	20.0	283.5	285	0	283	0	0.00	66.3	0.0	0.0	0.0	0	0	0	0	nan	7.8	0.0	0.0	0.0	0	0	0	0	nan	170.4	220.2	0.0	179.6	230	0	213	0	0.00	138.3	126.5	0.0	82.9	132	0	111	0	0.00	108.9	107.5	0.0	94.4	110	0	103	0	0.00	126.5	100.7	0.0	98.8	99	0	101	0	0.00	221.6	273.4	0.0	275.8	266	0	286	0	0.00	273.4	283.0	79.2	298.3	262	61	242	58	0.19
Pocillopora_acuta_HIv2___Sc0000004	-	mutex_exons.20	1	Pocillopora_acuta_HIv2___RNAseq.g12997.t1	5674846	5675062	5675569	5675652	5675430	5675518	5676141	5676188	0.0	0.0	0.0	0.0	0	0	0	0	nan	276.1	16.7	189.4	221.5	24	184	11	179	0.91	0.0	0.0	0.0	0.0	0	0	0	0	nan	0.0	0.0	0.0	0.0	0	0	0	0	nan	45.8	0.0	76.2	55.0	0	68	0	65	1.00	126.5	0.0	137.6	107.6	0	125	0	114	1.00	0.0	0.0	0.0	0.0	0	0	0	0	nan	83.3	0.0	73.3	86.8	0	59	0	88	1.00	0.0	0.0	0.0	0.0	0	0	0	0	nan	74.1	0.0	79.7	80.6	0	76	0	83	1.00
Pocillopora_acuta_HIv2___Sc0000011	+	mutex_exons.27	0	Pocillopora_acuta_HIv2___RNAseq.g22119.t1	5869215	5869269	5869627	5869681	5873429	5873483	5873936	5873983	0.0	0.0	0.0	0.0	0	0	0	0	nan	4.1	8.8	3.5	7.9	0	0	4	5	nan	68.3	85.2	0.7	6.9	70	1	0	0	0.01	0.0	0.0	0.0	0.0	0	0	0	0	nan	34.8	23.4	32.8	40.3	5	9	22	28	0.58	0.0	2.0	3.7	5.8	0	0	2	4	nan	0.0	12.7	1.6	2.0	0	0	0	2	nan	0.0	1.3	1.4	7.0	0	0	5	2	nan	18.3	10.3	21.9	20.6	0	0	0	21	1.00	0.0	0.0	0.0	0.0	0	0	0	0	nan
Pocillopora_acuta_HIv2___Sc0000013	+	mutex_exons.29	1	Pocillopora_acuta_HIv2___RNAseq.g11579.t2	1619680	1619859	1624280	1624460	1624508	1624688	1625606	1626572	0.0	0.0	0.0	40.6	0	0	0	0	nan	337.6	304.7	38.8	597.2	366	38	295	44	0.11	16.6	60.2	0.6	414.5	0	0	124	11	0.08	0.6	0.0	0.0	334.4	0	0	0	0	nan	40.4	63.2	0.0	333.6	46	0	91	0	0.00	128.6	110.5	0.0	296.2	137	0	141	0	0.00	96.6	91.0	0.0	287.2	94	0	99	0	0.00	9.8	55.5	0.0	246.7	1	0	82	0	0.00	141.2	195.0	0.0	450.1	156	0	216	0	0.00	77.3	117.9	0.0	275.7	40	0	145	0	0.00
Pocillopora_acuta_HIv2___Sc0000013	+	mutex_exons.33	0	Pocillopora_acuta_HIv2___TS.g314.t3a	3200061	3200187	3200221	3200319	3200320	3200715	3201673	3201837	401.8	426.9	299.1	380.0	124	4	0	6	0.07	254.7	175.6	198.3	447.7	36	0	3	23	0.37	11.1	0.2	39.1	38.8	0	0	0	4	nan	36.7	22.8	5.3	51.6	0	0	0	0	nan	123.1	62.8	124.8	277.9	22	0	0	8	0.27	199.8	204.4	113.8	378.5	48	7	0	0	0.13	151.7	136.0	150.5	279.6	21	6	0	11	0.45	172.8	130.3	93.5	305.2	39	5	0	4	0.19	198.0	204.1	180.2	429.3	39	0	0	13	0.25	239.5	297.0	165.4	241.2	70	0	0	7	0.09
Pocillopora_acuta_HIv2___Sc0000013	+	mutex_exons.34	0	Pocillopora_acuta_HIv2___TS.g314.t3a	3200061	3200187	3200221	3200319	3200320	3200715	3201772	3206536	401.8	426.9	299.1	56.8	124	4	0	0	0.03	254.7	175.6	198.3	32.1	36	0	3	13	0.25	11.1	0.2	39.1	23.2	0	0	0	2	nan	36.7	22.8	5.3	4.9	0	0	0	0	nan	123.1	62.8	124.8	23.1	22	0	0	9	0.29	199.8	204.4	113.8	42.8	48	7	0	0	0.13	151.7	136.0	150.5	36.6	21	6	0	0	0.22	172.8	130.3	93.5	30.6	39	5	0	8	0.25	198.0	204.1	180.2	35.7	39	0	0	4	0.09	239.5	297.0	165.4	41.6	70	0	0	8	0.10
Pocillopora_acuta_HIv2___Sc0000013	+	mutex_exons.35	0	Pocillopora_acuta_HIv2___TS.g314.t3a	3200061	3200187	3200221	3200319	3200320	3200781	3201673	3201837	401.8	426.9	275.7	380.0	124	4	0	5	0.07	254.7	175.6	206.0	447.7	36	0	3	5	0.11	11.1	0.2	38.8	38.8	0	0	0	0	nan	36.7	22.8	4.7	51.6	0	0	0	0	nan	123.1	62.8	124.2	277.9	22	0	0	0	0.00	199.8	204.4	108.7	378.5	48	7	0	9	0.25	151.7	136.0	153.0	279.6	21	6	0	2	0.28	172.8	130.3	85.8	305.2	39	5	0	2	0.15	198.0	204.1	176.4	429.3	39	0	0	3	0.07	239.5	297.0	159.2	241.2	70	0	0	0	0.00
Pocillopora_acuta_HIv2___Sc0000013	+	mutex_exons.36	0	Pocillopora_acuta_HIv2___TS.g314.t3a	3200061	3200187	3200221	3200319	3200320	3200847	3201673	3201837	401.8	426.9	253.3	380.0	124	4	0	22	0.17	254.7	175.6	213.3	447.7	36	0	3	64	0.62	11.1	0.2	37.7	38.8	0	0	0	7	nan	36.7	22.8	4.2	51.6	0	0	0	0	nan	123.1	62.8	123.4	277.9	22	0	0	17	0.44	199.8	204.4	103.9	378.5	48	7	0	0	0.13	151.7	136.0	153.5	279.6	21	6	0	38	0.68	172.8	130.3	79.7	305.2	39	5	0	1	0.13	198.0	204.1	169.2	429.3	39	0	0	43	0.52	239.5	297.0	156.0	241.2	70	0	0	23	0.25
Pocillopora_acuta_HIv2___Sc0000013	+	mutex_exons.37	0	Pocillopora_acuta_HIv2___TS.g314.t3a	3200061	3200187	3200221	3200319	3200320	3200847	3201772	3206536	401.8	426.9	253.3	56.8	124	4	0	0	0.03	254.7	175.6	213.3	32.1	36	0	3	47	0.55	11.1	0.2	37.7	23.2	0	0	0	0	nan	36.7	22.8	4.2	4.9	0	0	0	0	nan	123.1	62.8	123.4	23.1	22	0	0	19	0.46	199.8	204.4	103.9	42.8	48	7	0	0	0.13	151.7	136.0	153.5	36.6	21	6	0	18	0.53	172.8	130.3	79.7	30.6	39	5	0	9	0.26	198.0	204.1	169.2	35.7	39	0	0	13	0.25	239.5	297.0	156.0	41.6	70	0	0	26	0.27
Pocillopora_acuta_HIv2___Sc0000013	+	mutex_exons.38	0	Pocillopora_acuta_HIv2___TS.g314.t3a	3200061	3200187	3200221	3200319	3200320	3200979	3201772	3201837	401.8	426.9	214.6	649.5	124	4	0	87	0.42	254.7	175.6	185.0	710.2	36	0	3	0	0.00	11.1	0.2	30.7	65.2	0	0	0	0	nan	36.7	22.8	3.5	76.3	0	0	0	0	nan	123.1	62.8	103.4	435.5	22	0	0	0	0.00	199.8	204.4	87.9	630.8	48	7	0	0	0.13	151.7	136.0	130.8	434.9	21	6	0	0	0.22	172.8	130.3	67.3	521.1	39	5	0	2	0.15	198.0	204.1	142.3	716.3	39	0	0	39	0.50	239.5	297.0	131.3	382.1	70	0	0	23	0.25
Pocillopora_acuta_HIv2___Sc0000013	+	mutex_exons.40	0	Pocillopora_acuta_HIv2___TS.g314.t3a	3200061	3200187	3200221	3200319	3200452	3200715	3201673	3201837	401.8	426.9	343.9	380.0	124	0	0	6	0.05	254.7	175.6	258.2	447.7	36	0	3	23	0.37	11.1	0.2	56.8	38.8	0	0	0	4	nan	36.7	22.8	6.1	51.6	0	0	0	0	nan	123.1	62.8	163.4	277.9	22	0	0	8	0.27	199.8	204.4	121.6	378.5	48	0	0	0	0.00	151.7	136.0	194.2	279.6	21	0	0	11	0.34	172.8	130.3	99.8	305.2	39	0	0	4	0.09	198.0	204.1	217.6	429.3	39	21	0	13	0.47	239.5	297.0	180.8	241.2	70	0	0	7	0.09
Pocillopora_acuta_HIv2___Sc0000013	+	mutex_exons.41	0	Pocillopora_acuta_HIv2___TS.g314.t3a	3200061	3200187	3200221	3200319	3200452	3200715	3201772	3201837	401.8	426.9	343.9	649.5	124	0	0	0	0.00	254.7	175.6	258.2	710.2	36	0	3	13	0.25	11.1	0.2	56.8	65.2	0	0	0	2	nan	36.7	22.8	6.1	76.3	0	0	0	0	nan	123.1	62.8	163.4	435.5	22	0	0	9	0.29	199.8	204.4	121.6	630.8	48	0	0	0	0.00	151.7	136.0	194.2	434.9	21	0	0	0	0.00	172.8	130.3	99.8	521.1	39	0	0	8	0.17	198.0	204.1	217.6	716.3	39	21	0	4	0.39	239.5	297.0	180.8	382.1	70	0	0	8	0.10
Pocillopora_acuta_HIv2___Sc0000013	+	mutex_exons.43	0	Pocillopora_acuta_HIv2___TS.g314.t3a	3200061	3200187	3200221	3200319	3200452	3200847	3201673	3201837	401.8	426.9	267.9	380.0	124	0	0	22	0.15	254.7	175.6	258.2	447.7	36	0	3	64	0.62	11.1	0.2	49.0	38.8	0	0	0	7	nan	36.7	22.8	4.4	51.6	0	0	0	0	nan	123.1	62.8	148.7	277.9	22	0	0	17	0.44	199.8	204.4	105.8	378.5	48	0	0	0	0.00	151.7	136.0	183.6	279.6	21	0	0	38	0.64	172.8	130.3	79.2	305.2	39	0	0	1	0.03	198.0	204.1	190.5	429.3	39	21	0	43	0.62	239.5	297.0	163.2	241.2	70	0	0	23	0.25
Pocillopora_acuta_HIv2___Sc0000013	+	mutex_exons.44	0	Pocillopora_acuta_HIv2___TS.g314.t3a	3200061	3200187	3200221	3200319	3200452	3200847	3201772	3201837	401.8	426.9	267.9	649.5	124	0	0	0	0.00	254.7	175.6	258.2	710.2	36	0	3	47	0.55	11.1	0.2	49.0	65.2	0	0	0	0	nan	36.7	22.8	4.4	76.3	0	0	0	0	nan	123.1	62.8	148.7	435.5	22	0	0	19	0.46	199.8	204.4	105.8	630.8	48	0	0	0	0.00	151.7	136.0	183.6	434.9	21	0	0	18	0.46	172.8	130.3	79.2	521.1	39	0	0	9	0.19	198.0	204.1	190.5	716.3	39	21	0	13	0.47	239.5	297.0	163.2	382.1	70	0	0	26	0.27
Pocillopora_acuta_HIv2___Sc0000019	+	mutex_exons.46	0	Pocillopora_acuta_HIv2___TS.g16836.t1	1074260	1074388	1074716	1074796	1081968	1082048	1082529	1082761	0.0	0.0	0.0	0.0	0	0	0	0	nan	3.3	2.1	4.0	15.2	3	3	0	0	nan	0.0	0.0	0.0	0.0	0	0	0	0	nan	24.9	16.6	33.6	1.5	22	27	11	13	0.55	3.2	1.3	3.7	0.0	2	5	0	0	nan	0.0	0.0	0.0	0.0	0	0	0	0	nan	0.0	0.0	0.2	0.0	0	0	0	0	nan	0.0	0.0	0.0	0.0	0	0	0	0	nan	4.7	8.7	9.0	13.5	7	5	7	4	0.39	0.0	0.2	0.2	4.3	0	0	0	0	nan
Pocillopora_acuta_HIv2___Sc0000020	-	mutex_exons.47	0	Pocillopora_acuta_HIv2___TS.g20204.t2	3490710	3490793	3491583	3491647	3493242	3493309	3493849	3493903	231.6	254.8	0.0	225.3	239	0	235	0	0.00	121.8	99.1	0.0	98.8	94	0	93	0	0.00	0.0	0.0	0.0	0.0	0	0	0	0	nan	0.0	0.0	0.0	0.0	0	0	0	0	nan	0.0	0.0	0.0	0.0	0	0	0	0	nan	0.0	1.0	0.0	1.0	0	0	1	0	nan	23.9	0.0	28.7	28.6	0	23	0	25	1.00	0.0	0.0	0.0	0.0	0	0	0	0	nan	133.4	68.9	27.8	86.6	80	23	43	35	0.32	0.0	0.0	0.0	0.0	0	0	0	0	nan
Pocillopora_acuta_HIv2___Sc0000022	-	mutex_exons.49	1	Pocillopora_acuta_HIv2___TS.g1848.t2	2079827	2079919	2081740	2081788	2081847	2081898	2082548	2082631	0.0	0.0	0.0	0.0	0	0	0	0	nan	75.2	59.1	12.2	73.3	56	13	58	12	0.18	24.3	27.5	0.0	31.1	22	0	24	0	0.00	0.0	0.0	0.0	0.0	0	0	0	0	nan	0.0	0.0	0.0	0.0	0	0	0	0	nan	0.0	0.0	0.0	0.0	0	0	0	0	nan	0.0	0.0	0.0	0.0	0	0	0	0	nan	0.0	0.0	0.0	0.0	0	0	0	0	nan	43.8	52.0	0.0	40.2	50	0	44	0	0.00	0.0	0.0	0.0	0.0	0	0	0	0	nan
Pocillopora_acuta_HIv2___Sc0000023	-	mutex_exons.50	1	Pocillopora_acuta_HIv2___TS.g14319.t1	467292	468644	469838	469926	469492	469837	470321	471023	23.3	0.0	9.4	0.0	0	0	0	0	nan	57.0	37.8	54.4	57.6	0	23	0	16	1.00	88.5	0.0	0.0	0.0	0	0	0	0	nan	5.5	0.0	0.0	0.0	0	0	0	0	nan	57.0	0.0	92.5	72.2	0	105	0	105	1.00	11.7	0.0	0.0	0.0	0	0	0	0	nan	81.9	112.3	40.4	102.9	104	56	55	31	0.35	13.7	25.8	61.6	0.0	0	0	0	0	nan	98.7	0.0	68.8	51.2	0	43	0	63	1.00	16.6	0.0	0.0	0.0	0	0	0	0	nan
Pocillopora_acuta_HIv2___Sc0000023	-	mutex_exons.51	1	Pocillopora_acuta_HIv2___TS.g14319.t1	467292	468644	469838	469932	469492	469837	470321	471023	23.3	0.0	9.4	0.0	0	0	0	0	nan	57.0	37.0	54.4	57.6	0	23	0	16	1.00	88.5	0.0	0.0	0.0	0	0	0	0	nan	5.5	0.0	0.0	0.0	0	0	0	0	nan	57.0	0.0	92.5	72.2	0	105	0	105	1.00	11.7	0.0	0.0	0.0	0	0	0	0	nan	81.9	108.6	40.4	102.9	104	56	55	31	0.35	13.7	24.2	61.6	0.0	0	0	0	0	nan	98.7	0.0	68.8	51.2	0	43	0	63	1.00	16.6	0.0	0.0	0.0	0	0	0	0	nan
Pocillopora_acuta_HIv2___Sc0000023	-	mutex_exons.52	0	Pocillopora_acuta_HIv2___RNAseq.g20436.t2	1350967	1351121	1351246	1351304	1351691	1351749	1352457	1352572	34.8	0.0	0.0	142.0	0	0	0	0	nan	108.4	14.9	0.0	341.6	11	0	0	0	0.00	39.7	19.0	0.0	124.6	17	0	0	0	0.00	133.3	109.8	0.0	548.3	81	0	137	0	0.00	39.9	37.1	0.0	207.9	29	0	20	0	0.00	79.4	0.0	0.0	341.5	0	0	0	0	nan	75.9	8.2	0.0	249.8	10	0	0	0	0.00	51.9	0.0	0.0	236.2	0	0	0	0	nan	141.5	4.1	0.0	361.4	4	0	0	0	nan	72.4	0.0	39.5	326.9	0	35	0	47	1.00
Pocillopora_acuta_HIv2___Sc0000024	-	mutex_exons.54	0	Pocillopora_acuta_HIv2___RNAseq.g3902.t1	3036907	3037100	3037232	3037383	3040388	3040539	3040622	3040762	93.3	109.9	31.6	78.7	34	36	85	0	0.23	95.2	62.3	20.1	16.4	50	33	35	0	0.28	0.0	0.0	0.0	0.0	0	0	0	0	nan	0.0	74.2	158.0	98.1	0	0	69	102	0.60	66.5	55.6	22.4	2.4	38	32	12	0	0.39	136.5	104.7	50.6	48.6	53	63	56	0	0.37	49.5	49.9	74.1	84.5	21	17	0	72	0.81	43.1	33.0	52.4	81.2	6	7	30	43	0.58	110.1	58.5	85.7	30.0	32	33	21	21	0.50	278.5	259.8	174.1	100.6	151	168	101	46	0.46
Pocillopora_acuta_HIv2___Sc0000031	+	mutex_exons.57	0	Pocillopora_acuta_HIv2___RNAseq.g21216.t1	354690	354887	354968	355010	355116	355158	355856	355954	0.0	0.0	0.0	0.0	0	0	0	0	nan	0.9	0.0	0.0	0.0	0	0	0	0	nan	141.1	44.7	40.2	152.8	39	40	42	37	0.49	0.0	0.0	0.0	0.0	0	0	0	0	nan	0.0	0.0	0.0	0.0	0	0	0	0	nan	1.4	0.0	0.0	15.9	0	0	0	0	nan	0.0	0.0	0.0	0.0	0	0	0	0	nan	0.0	0.0	0.0	0.0	0	0	0	0	nan	39.5	0.0	0.0	32.2	0	0	0	0	nan	50.6	0.0	0.0	44.1	0	0	0	0	nan
Pocillopora_acuta_HIv2___Sc0000031	+	mutex_exons.58	0	Pocillopora_acuta_HIv2___RNAseq.g21216.t1	354690	354887	354968	355010	355116	355232	355856	355954	0.0	0.0	0.0	0.0	0	0	0	0	nan	0.9	0.0	0.0	0.0	0	0	0	0	nan	141.1	44.7	27.7	152.8	39	40	42	34	0.48	0.0	0.0	0.0	0.0	0	0	0	0	nan	0.0	0.0	0.0	0.0	0	0	0	0	nan	1.4	0.0	0.0	15.9	0	0	0	0	nan	0.0	0.0	0.0	0.0	0	0	0	0	nan	0.0	0.0	0.0	0.0	0	0	0	0	nan	39.5	0.0	0.0	32.2	0	0	0	0	nan	50.6	0.0	0.0	44.1	0	0	0	0	nan
Pocillopora_acuta_HIv2___Sc0000031	+	mutex_exons.59	0	Pocillopora_acuta_HIv2___RNAseq.g21216.t1	354690	354887	355116	355158	354968	355084	355856	355954	0.0	0.0	0.0	0.0	0	0	0	0	nan	0.9	0.0	0.0	0.0	0	0	0	0	nan	141.1	40.2	31.9	152.8	40	39	37	47	0.53	0.0	0.0	0.0	0.0	0	0	0	0	nan	0.0	0.0	0.0	0.0	0	0	0	0	nan	1.4	0.0	0.0	15.9	0	0	0	0	nan	0.0	0.0	0.0	0.0	0	0	0	0	nan	0.0	0.0	0.0	0.0	0	0	0	0	nan	39.5	0.0	0.0	32.2	0	0	0	0	nan	50.6	0.0	0.0	44.1	0	0	0	0	nan
Pocillopora_acuta_HIv2___Sc0000031	+	mutex_exons.60	0	Pocillopora_acuta_HIv2___RNAseq.g21216.t1	354690	354887	354968	355084	355116	355232	355856	355954	0.0	0.0	0.0	0.0	0	0	0	0	nan	0.9	0.0	0.0	0.0	0	0	0	0	nan	141.1	31.9	27.7	152.8	39	40	47	34	0.46	0.0	0.0	0.0	0.0	0	0	0	0	nan	0.0	0.0	0.0	0.0	0	0	0	0	nan	1.4	0.0	0.0	15.9	0	0	0	0	nan	0.0	0.0	0.0	0.0	0	0	0	0	nan	0.0	0.0	0.0	0.0	0	0	0	0	nan	39.5	0.0	0.0	32.2	0	0	0	0	nan	50.6	0.0	0.0	44.1	0	0	0	0	nan
Pocillopora_acuta_HIv2___Sc0000036	-	mutex_exons.63	0	Pocillopora_acuta_HIv2___RNAseq.g31350.t1	801451	801524	802400	802464	802135	802270	802976	803013	0.0	0.0	0.0	0.0	0	0	0	0	nan	127.6	129.8	36.2	105.1	87	0	0	0	0.00	188.7	182.9	0.0	150.1	177	0	0	0	0.00	0.0	0.0	0.0	0.0	0	0	0	0	nan	52.9	56.4	0.0	47.3	59	0	0	0	0.00	68.4	30.4	0.0	0.0	47	0	0	0	0.00	86.8	38.4	32.8	59.7	40	48	0	17	0.62	69.1	75.2	0.0	68.6	68	0	69	0	0.00	260.9	146.8	14.0	134.5	159	0	0	0	0.00	71.6	60.4	0.0	55.7	67	0	0	0	0.00
Pocillopora_acuta_HIv2___Sc0000036	-	mutex_exons.64	2	Pocillopora_acuta_HIv2___RNAseq.g31350.t1	801451	801524	802400	802479	802135	802270	802976	803008	0.0	0.0	0.0	0.0	0	0	0	0	nan	127.6	131.2	36.2	104.6	87	0	105	0	0.00	188.7	177.1	0.0	150.8	177	0	146	0	0.00	0.0	0.0	0.0	0.0	0	0	0	0	nan	52.9	55.5	0.0	47.9	59	0	45	0	0.00	68.4	26.6	0.0	0.0	47	0	0	0	0.00	86.8	37.8	32.8	63.2	40	48	34	17	0.47	69.1	61.2	0.0	69.4	68	0	0	0	0.00	260.9	145.5	14.0	136.3	159	0	135	0	0.00	71.6	59.5	0.0	56.0	67	0	51	0	0.00
Pocillopora_acuta_HIv2___xfSc0000000	+	mutex_exons.65	0	Pocillopora_acuta_HIv2___TS.g24494.t1a	6097371	6097400	6097859	6097921	6097982	6098044	6099259	6099334	102.0	0.0	67.1	11.9	0	92	0	35	1.00	72.5	33.6	19.1	13.8	39	27	20	6	0.36	0.0	1.7	0.0	0.0	0	0	0	0	nan	0.0	0.0	0.0	0.0	0	0	0	0	nan	0.0	0.0	0.0	2.8	0	0	0	0	nan	73.8	58.7	33.1	7.5	0	0	0	21	1.00	23.8	0.0	20.9	5.9	0	21	0	15	1.00	0.0	0.0	0.0	0.0	0	0	0	0	nan	55.3	12.9	25.7	7.7	16	35	2	17	0.74	0.0	0.0	0.0	0.0	0	0	0	0	nan
Pocillopora_acuta_HIv2___xfSc0000000	-	mutex_exons.67	1	Pocillopora_acuta_HIv2___RNAseq.g23050.t1	6176149	6176304	6176912	6176956	6183316	6183360	6183721	6183833	416.4	339.4	477.3	716.5	336	321	315	451	0.54	469.5	376.2	511.9	888.5	379	371	341	463	0.54	142.2	118.8	129.9	191.5	115	109	118	114	0.49	264.9	217.4	302.4	429.3	215	211	198	274	0.54	130.8	91.3	167.8	203.3	83	96	87	143	0.58	152.4	75.7	131.0	180.9	96	123	65	132	0.61	19.5	12.5	13.4	8.7	20	10	5	12	0.47	49.9	31.8	50.1	84.0	33	33	36	50	0.55	175.0	107.6	174.0	260.7	123	138	95	164	0.58	90.9	78.0	109.5	160.9	71	69	76	106	0.54
Pocillopora_acuta_HIv2___xfSc0000003	+	mutex_exons.76	0	Pocillopora_acuta_HIv2___TS.g18469.t2	2060026	2060068	2073745	2073814	2060245	2060370	2079486	2080782	0.0	63.9	0.0	203.3	0	0	67	0	0.00	85.3	60.4	42.9	121.9	0	16	63	0	0.20	0.0	7.7	0.0	54.1	0	0	11	0	0.00	0.0	102.1	0.0	24.2	0	0	99	0	0.00	48.1	0.0	43.3	36.1	0	37	0	51	1.00	65.7	84.1	0.0	85.4	81	0	77	0	0.00	53.2	72.2	11.6	172.4	19	0	64	0	0.00	0.0	0.0	0.0	81.8	0	0	0	0	nan	42.1	12.4	42.1	36.4	0	0	13	0	0.00	24.3	61.0	0.0	235.7	0	0	79	0	0.00
Pocillopora_acuta_HIv2___xfSc0000013	-	mutex_exons.83	1	Pocillopora_acuta_HIv2___RNAseq.g18333.t1	694154	694397	694961	694993	694842	694902	695836	695958	120.3	0.0	429.8	342.1	0	205	0	401	1.00	193.3	25.6	336.4	350.1	27	339	25	329	0.93	194.6	0.0	392.4	217.0	0	419	0	300	1.00	69.7	0.0	204.0	181.0	0	195	0	207	1.00	63.8	0.0	69.1	69.4	0	68	0	73	1.00	129.9	19.6	274.1	146.7	0	272	0	226	1.00	162.7	0.0	178.3	190.3	0	178	0	198	1.00	65.6	0.0	144.6	115.6	0	127	0	139	1.00	169.3	11.7	162.9	238.7	17	168	8	177	0.93	73.0	21.1	101.3	99.3	0	107	0	57	1.00
Pocillopora_acuta_HIv2___xfSc0000024	-	mutex_exons.86	0	Pocillopora_acuta_HIv2___RNAseq.g20832.t1	2037711	2038108	2039179	2039228	2038598	2038651	2041477	2041641	828.7	283.9	0.0	1044.3	291	0	272	0	0.00	392.9	162.1	0.0	452.1	164	0	163	0	0.00	504.4	69.6	0.0	376.1	75	0	67	0	0.00	761.4	186.2	0.0	697.1	153	0	210	0	0.00	454.9	23.4	48.6	457.3	32	45	18	46	0.65	1161.3	25.2	57.8	686.0	34	71	26	51	0.67	285.4	20.6	0.0	210.0	0	0	0	0	nan	1032.4	277.4	0.0	1022.1	280	0	270	0	0.00	351.1	0.0	19.2	365.5	0	21	0	19	1.00	733.1	36.8	71.0	627.8	51	68	34	62	0.60
Pocillopora_acuta_HIv2___xfSc0000033	+	mutex_exons.89	0	Pocillopora_acuta_HIv2___RNAseq.g24413.t1	772333	772392	772623	772668	778245	778290	778961	778996	275.2	62.7	114.3	100.4	89	135	43	83	0.62	93.7	48.6	7.1	22.3	56	12	27	3	0.15	105.2	70.4	0.0	32.4	97	0	49	0	0.00	48.8	28.3	0.0	15.3	33	0	21	0	0.00	10.4	13.2	2.0	11.4	15	0	11	2	0.07	232.1	74.2	76.2	69.8	95	101	57	43	0.49	0.0	0.0	0.0	0.0	0	0	0	0	nan	294.6	85.3	134.3	120.9	114	155	69	99	0.58	6.5	5.5	0.5	4.4	6	1	5	0	0.08	406.4	122.8	163.8	139.2	126	207	69	98	0.61
Pocillopora_acuta_HIv2___xfSc0000034	+	mutex_exons.90	0	Pocillopora_acuta_HIv2___RNAseq.g14951.t1	78314	78352	78938	79380	86228	86670	87352	87511	0.0	0.0	0.0	0.0	0	0	0	0	nan	0.0	0.0	0.0	0.0	0	0	0	0	nan	91.7	17.8	15.2	6.7	32	28	14	16	0.49	0.0	0.0	0.0	0.0	0	0	0	0	nan	0.0	2.6	21.2	2.0	0	0	0	11	1.00	0.0	0.0	0.0	0.0	0	0	0	0	nan	2.0	3.5	8.3	6.4	1	1	0	19	0.95	0.0	0.0	0.0	0.0	0	0	0	0	nan	0.0	12.3	34.2	9.0	0	0	12	17	0.59	0.0	0.0	0.0	0.0	0	0	0	0	nan
Pocillopora_acuta_HIv2___xfSc0000034	+	mutex_exons.91	0	Pocillopora_acuta_HIv2___RNAseq.g14951.t1	78938	79380	80063	80222	87352	87511	88391	88564	0.0	0.0	0.0	0.0	0	0	0	0	nan	0.0	0.0	0.0	0.0	0	0	0	0	nan	17.8	10.8	6.7	0.0	11	14	0	0	0.56	0.0	0.0	0.0	0.0	0	0	0	0	nan	2.6	0.0	2.0	0.0	0	0	0	0	nan	0.0	0.0	0.0	0.0	0	0	0	0	nan	3.5	13.2	6.4	1.7	9	0	10	0	0.00	0.0	0.0	0.0	0.0	0	0	0	0	nan	12.3	12.1	9.0	31.4	17	12	22	7	0.33	0.0	0.0	0.0	0.0	0	0	0	0	nan
Pocillopora_acuta_HIv2___xfSc0000036	+	mutex_exons.93	2	Pocillopora_acuta_HIv2___RNAseq.g14491.t1a	896187	896292	896774	896822	896658	896720	897329	897480	113.5	99.5	0.0	49.8	102	0	88	0	0.00	109.0	123.1	8.0	59.5	125	9	105	0	0.04	27.3	1.1	0.0	0.0	6	0	0	0	nan	3.0	0.0	0.0	0.0	0	0	0	0	nan	76.6	72.8	0.0	37.0	85	0	60	0	0.00	10.7	0.0	0.0	0.0	0	0	0	0	nan	127.5	82.1	0.0	39.5	103	0	76	0	0.00	4.7	0.4	0.0	0.0	1	0	0	0	nan	202.1	69.2	48.3	30.6	121	33	44	24	0.26	4.7	0.0	0.0	0.0	0	0	0	0	nan
Pocillopora_acuta_HIv2___xpSc0000387	-	mutex_exons.98	0	Pocillopora_acuta_HIv2___TS.g27281.t1	9328255	9328332	9328583	9328711	9329441	9329569	9329969	9330052	0.0	0.0	0.0	0.0	0	0	0	0	nan	16.8	11.2	5.8	34.1	5	2	16	13	0.42	0.0	0.0	0.0	0.0	0	0	0	0	nan	0.0	0.0	0.0	0.0	0	0	0	0	nan	0.0	0.0	0.0	0.0	0	0	0	0	nan	0.0	0.0	0.0	0.0	0	0	0	0	nan	16.6	14.2	8.8	45.6	8	7	0	0	0.47	0.0	0.0	0.0	0.0	0	0	0	0	nan	5.8	6.7	10.4	38.2	0	0	12	21	0.64	66.8	51.2	14.4	47.4	26	28	62	0	0.24
