# Position (bp)	A	C	G	T	N
0.0	38.57742769640272	9.59727616238345	14.575749011565462	37.2493403950625	2.0673458586927757E-4
1.0	35.76266334464455	13.519031256323647	13.823964770480831	36.85087772208645	0.04346290646451754
2.0	35.54649193297324	15.167520683187274	13.477647856575814	35.80555469078343	0.002784836480239092
3.0	35.75226581106113	14.168129212521208	13.786156662982737	36.29104046355245	0.0024078498824774684
4.0	35.1693837266317	14.192438767647836	13.83227063648958	36.80480023115359	0.0011066380773002507
5.0	35.269540553056366	13.602284490139002	13.747254078265335	37.375497135874724	0.005423742664570459
6.0	36.24274969646498	13.43800345952088	13.171826599785192	37.13489456049686	0.01252568373207976
7.0	36.43891649673894	13.177371951029684	13.121006374235325	37.26172014849867	9.85029497377146E-4
8.0	36.79777125523403	13.123511510981741	13.036366802608846	37.040197959310746	0.002152471864638949
9.0	36.60558105552356	13.042240497019131	13.180728347835563	37.16943139719503	0.002018702426723534
10.0	36.682376873745	13.468940682253319	12.973604614510531	36.8677205104058	0.00735731908534782
11.0	36.51336526936787	13.255043351026572	13.119461945270302	37.11139978285572	7.296514795386268E-4
12.0	36.93745087013371	13.002571778248214	13.151846310103824	36.90640419967934	0.0017268418349080832
13.0	36.53458596656445	13.117832390299334	13.205281120122036	37.136487632893854	0.005812890120324393
14.0	36.695863265258474	13.329978557975188	12.940612206777391	37.03031118176299	0.003234788225954579
15.0	36.61697577946235	13.03961375169279	13.156552562146848	37.18350150989213	0.0033563968058776834
16.0	36.88568209766044	13.094106556356335	13.095225355291626	36.920328382080534	0.004657608611054901
17.0	36.60427984371838	13.043711960836198	13.160906149308097	37.18807399249724	0.003028053640085301
18.0	36.910210548230936	13.077944776084555	12.957394190806781	37.047518795822114	0.006931689055616953
19.0	36.631289109319304	13.051592196815218	13.092039210497642	37.21610477016951	0.008974713198325109
20.0	36.924463073797924	13.059058963622498	13.098095317777814	36.91104964743241	0.007332997369363199
21.0	36.823588756751704	12.822189771648274	13.219059372227324	37.13304611008203	0.0021159892906620174
22.0	36.895751288078074	13.185069774138816	12.924572035085536	36.99263684370281	0.001970058994754292
23.0	36.71073599458307	13.037996357579814	13.009795327895645	37.24023191242626	0.0012404075152156655
24.0	37.18505809971514	12.828525578662267	12.981241633329702	37.00442071509736	7.539731955232477E-4
25.0	36.81170759849322	12.86559187382283	13.128996057936273	37.190700737823576	0.0030037319241006805
26.0	36.866249046588734	13.114062524321715	12.916010791058948	37.100625262674534	0.0030523753560699218
27.0	36.76515583409866	12.862612463614711	13.10845636878726	37.262522765126164	0.001252568373207976
28.0	37.0084702808088	12.929266126270566	13.068362019986612	36.99055733698613	0.003344235947885373
29.0	36.651488294444526	12.864363627165606	13.147735940102423	37.33515956991423	0.001252568373207976
30.0	37.022406624068	12.965505483087652	12.92081432996591	37.08741857089488	0.003854991983562411
31.0	36.75509880453902	12.90670773469483	13.092732379403206	37.24251815372881	0.002942927634139128
32.0	36.984999824883644	12.971938576965583	12.96518930077985	37.065589830798686	0.01228246657223355
33.0	36.86398712700216	12.815939090640224	13.125481569976497	37.1911385287113	0.0034536836698161664
34.0	36.95086429649923	13.111447939853369	12.882033353828431	37.05374515511418	0.00190925470479274
35.0	36.7268126488489	12.974188335694162	12.987322062325857	37.308515130053074	0.003161823078000716
36.0	37.09557850660772	12.815805321202308	13.03291311893903	37.05201831327927	0.003684739971670065
37.0	36.76767313170306	12.848347777189733	13.15356099108074	37.22669687748081	0.003721222545646996
38.0	36.98115699375808	13.105027006833431	12.908592667683639	37.00006712793611	0.005156203788739629
39.0	36.80402193624208	12.890424345843126	13.042581001042915	37.26007843266971	0.0028942842021698863
40.0	37.05995596044256	12.94896176384186	13.033841454914846	36.955207701407566	0.0020331193931710807
41.0	36.739996404708	12.835838358109363	13.08618036787759	37.33566925751127	0.0023156117937764885
42.0	37.09344571797107	12.897501237778087	12.851284348799396	37.15565794524201	0.0021107502094279036
43.0	36.8028485656404	12.924296622336156	12.93894154465211	37.33128719706447	0.002626070306864255
44.0	37.04957173281273	12.96745526424004	12.894651859965576	37.08344231222829	0.004878830753361166
45.0	36.93590530443334	12.612745495260056	13.029906581866763	37.41948411568582	0.0019585027540220913
46.0	36.88177109020564	13.001216138805244	12.992099692748809	37.11872516794663	0.006187910293680674
47.0	36.797187708280546	12.901232493395737	12.942542106245675	37.35799513949721	0.0010425525808327812
48.0	37.258965225383214	12.729850265076559	12.960992703181779	37.046557761546254	0.003634044812192318
49.0	36.915589235486756	12.73582888383996	13.116436302360402	37.22858172337211	0.00356385494078102
50.0	37.12177507594298	12.951409411824038	12.837367326592004	37.085659493779104	0.0037886918618775796
51.0	37.002477646330796	12.760340322693642	13.002773639064442	37.229286387867944	0.005122004043181941
52.0	37.214149948060594	12.758977617560586	13.049490754736443	36.97484294014133	0.0025387395010489553
53.0	36.82241399832619	12.697577663463159	13.083996987883076	37.39227395709152	0.0037373932360583203
54.0	37.24739824450946	12.774304655383133	12.87994271817093	37.08672518301792	0.011629198918558573
55.0	37.04893498955359	12.75478311626034	13.05151344825358	37.138491576948425	0.006276868984075163
56.0	37.29407185924223	12.764010793615693	12.990763788430984	36.94607063092985	0.005082927781242661
57.0	37.12084142217757	12.655472609872634	13.16226142113035	37.051323678008565	0.01010086881088141
58.0	37.22963681222617	13.05276492268753	12.990393075213335	36.725520134001584	0.0016850558713727467
59.0	36.940874306977875	12.862255012299379	13.074882044394343	37.12059964667576	0.0013889896526471724
60.0	37.30788437617032	12.77803272856414	13.055998736845398	36.85716559080469	9.185676154518464E-4
61.0	36.938797418513474	12.752531998341036	13.131875136207432	37.17613692981425	6.585171238059407E-4
62.0	37.143592706161385	12.826713811418092	12.919593780723426	37.109452974540716	6.467271563842231E-4
63.0	37.15571329013117	12.634342808612182	13.067513945010734	37.14137177125975	0.0010581849861726344
64.0	37.34611766468085	12.72387232499979	13.084408313861209	36.83408727458245	0.0115144218757068
65.0	37.02495967706726	12.738179736120243	13.025610831619167	37.20936614719835	0.001883607994980372
66.0	37.34729450307037	12.789519682499684	12.777956689222828	37.08298145912738	0.0022476660797344557
67.0	37.04735880919851	12.619165773957217	12.934978668723335	37.39695924619906	0.0015375019218774025
68.0	37.116956144730274	12.67996501488369	12.891414757562906	37.30816056616829	0.003503516654842298
69.0	36.92637656659961	12.531782289547353	13.050457230329176	37.48435701981045	0.007026893713410206
70.0	37.10207979826058	12.766197012151185	12.950976855562898	37.16727998729098	0.013466346734354494
71.0	36.85406083454235	12.768636777434327	12.977718568478805	37.393471271085	0.00611254845951855
72.0	37.36828528395068	12.628881297085174	12.81832456858212	37.17911844357218	0.005390406809855473
73.0	37.075475542863	12.741783973780363	12.817317880894663	37.358340905591795	0.0070816968701667106
74.0	37.317363800643676	12.916614777060214	12.526589619467964	37.21635063430401	0.02308116852413619
75.0	37.235892577668274	12.654591203531243	12.611982303439659	37.454597254499305	0.042936660861519184
76.0	37.25580541871051	12.80096024586171	12.722942162627952	37.21848748404176	0.0018046887580762975
77.0	37.014011763539095	12.79331306414862	12.720035729017887	37.468546019745716	0.004093423548682367
78.0	37.354894633661246	12.889562254384165	12.507341042941006	37.24032187129272	0.007880197720864675
79.0	37.069706428401105	13.023830903650532	12.620923262157667	37.28127187977683	0.004267526013863508
80.0	37.348887562191074	12.991387606881547	12.505408815142072	37.13978685750154	0.014529158283769168
81.0	37.291139034837414	12.807909349212892	12.6458117118526	37.25337548972019	0.0017644143769053136
82.0	37.403459845612005	13.036484047959126	12.462101027410535	37.096201276539446	0.0017538024788854255
83.0	36.99399503407616	12.9712557140316	12.477577125907317	37.55526352555145	0.0019086004334813304
84.0	37.28311935364405	12.761934924881722	12.665341813109526	37.28754006187208	0.0020638464926266537
85.0	37.011669808539835	12.908181493846211	12.625648884289568	37.44568581634003	0.008813996984363
86.0	37.02381286860395	13.128200740209087	12.389728513375104	37.4564443910899	0.0018134867219567266
87.0	37.07483876098982	12.917290931449301	12.554157114355249	37.45334237449033	3.7081871529728215E-4
88.0	37.302944451102164	13.021465496138013	12.544657901017198	37.130394413255615	5.377384870189929E-4
89.0	36.90685750965439	12.965410862271497	12.71621656443393	37.410668946567576	8.461170726041521E-4
90.0	37.1570597263307	12.941693414180916	12.555011904804694	37.345079646917405	0.001155307766286887
91.0	37.01619265940657	12.94375437195634	12.55568018192994	37.48217475794047	0.002198028766669349
92.0	37.055252927503254	12.980124113755883	12.63733300485522	37.321098810772796	0.0061911431128424
93.0	37.1891709498232	12.790026558620879	12.542665085299237	37.4684192658396	0.009718140417075779
94.0	37.34729178546159	12.967746548569131	12.410553713203473	37.268690308373344	0.005717644392462209
95.0	37.14002847318215	12.893310870151046	12.4742135462812	37.48359366972531	0.008853440660298651
96.0	37.59967466272921	12.719488758675745	12.49443447539624	37.175659346405496	0.010742756793305218
97.0	37.23117786535034	12.789982215162956	12.56831011902918	37.40868922990139	0.0018405705561335781
98.0	37.32619679463249	12.978573768780924	12.37582147472659	37.3159161912753	0.0034917705847015276
99.0	37.21418640340757	12.734236011489418	12.581420759344253	37.46680282022466	0.0033540055341091317
100.0	37.468309239328	12.826164850285243	12.528071191458027	37.17311904789185	0.004335671036884191
101.0	37.2040366907398	12.729838713883792	12.54057971619235	37.520759289260354	0.00478558992371222
102.0	37.482095711133475	12.77491499258491	12.393196272277102	37.34861758058481	0.0011754434197044806
103.0	37.31733438193023	12.740125222038692	12.511084765375792	37.42371150190182	0.007744128753466053
104.0	37.5096975872678	12.856671723846782	12.483220438851776	37.14971581041169	6.944396219470697E-4
105.0	37.493987484518385	12.55493290065533	12.457315241387159	37.492255092608815	0.0015092808303091938
106.0	37.45368053493371	12.83359249492226	12.562245118882409	37.14371196953212	0.006769881729508915
107.0	37.35711600636481	12.709777699069836	12.452143778345558	37.47896116926063	0.002001346959170547
108.0	37.65531107321707	12.608413575327015	12.477062332554862	37.25672026010158	0.002492758799471535
109.0	37.40247598786436	12.669391633549251	12.518350058404415	37.407456977527545	0.0023253426544341312
110.0	37.46452925703509	12.844865750161299	12.402335930649992	37.28502655218621	0.0032425099674094665
111.0	37.42224156170379	12.61895869354554	12.47916287975664	37.474598700233045	0.0050381647609808455
112.0	37.58537109839089	12.703928694238748	12.509720693511964	37.19587926271088	0.0051002511475233036
113.0	37.30516075343919	12.726987007035518	12.528059432906053	37.437038424823605	0.002754381795638709
114.0	37.53652511274796	12.700448219120815	12.400089153267905	37.360298108905624	0.0026394059576991206
115.0	37.389139700437305	12.62699963875124	12.48172555377565	37.49858271628351	0.003552390752298871
116.0	37.45971063778316	12.742978856522704	12.457205201085882	37.33841940327924	0.001685901329012074
117.0	37.393657646092166	12.564964371230955	12.556598953706127	37.479362957368146	0.005416071602611565
118.0	37.51980084776441	12.827228612028573	12.402553904714418	37.240973748370834	0.009442887121769052
119.0	37.38363779388737	12.708033465426618	12.416338115742787	37.4884645484637	0.0035260764795221767
120.0	37.663399386948434	12.549633939790187	12.504158778978447	37.279395908611114	0.0034119856718179556
121.0	37.437645164651364	12.655607519513737	12.47173736217002	37.432699076338274	0.0023108773266041307
122.0	37.45381469649774	12.846201026446913	12.34184796467768	37.35610492417979	0.002031388197878337
123.0	37.45330729952032	12.747565301918307	12.420360121142465	37.375537028828205	0.003230248590702259
124.0	37.51744706979685	12.684980427859758	12.523993334168534	37.27049137178551	0.0030877963893458237
125.0	37.40955026011053	12.623202985187355	12.482892308556428	37.483032046647715	0.0013223994979789783
126.0	37.59656564386661	12.634350120664351	12.3856285068504	37.38273146920804	7.242594105894925E-4
127.0	37.42731348731586	12.626329518582613	12.517851896543577	37.42645059714055	0.0020545004174060016
128.0	37.53815096903564	12.68545891200184	12.525448280321601	37.24959640390006	0.0013454347408548535
129.0	37.4536523292642	12.630486042746725	12.470632081692187	37.434370762373334	0.010858783923549756
130.0	37.47544316134383	12.799909381660907	12.437518806961553	37.2797610810514	0.007367568982313834
131.0	37.43738197201091	12.686004088386497	12.505126389623317	37.36595485291532	0.005532697063949817
132.0	37.62287937861902	12.581591962873567	12.579844640887195	37.21063619854847	0.005047819071742129
133.0	37.51612759245965	12.625734040965996	12.577596332079	37.27796968436708	0.0025723501282768437
134.0	37.49887937877081	12.792440313587116	12.402986966216565	37.29958656570688	0.006106775718623198
135.0	37.535745625932265	12.64827478591775	12.584222091845495	37.22739503383984	0.0043624624646458774
136.0	37.613706400597394	12.63831383506463	12.664256991505368	37.07690743551898	0.006815337313621208
137.0	37.41012385186385	12.639540104171942	12.598104246204947	37.35099406676771	0.0012377309915462974
138.0	37.4602697123391	12.75947703251806	12.53681669795895	37.24185630514216	0.0015802520417350207
139.0	37.426188579889434	12.671934130610138	12.632911510653798	37.262539855937604	0.0064259229090237934
140.0	37.49223544929588	12.690478239518246	12.703202587814335	37.109596118392105	0.004487604979423763
141.0	37.56482162297726	12.56019048921872	12.637680044230889	37.23568338434705	0.0016244592260734256
142.0	37.58890953654903	12.823498550213863	12.56586686226002	37.01975119060969	0.0019738603674012097
143.0	37.5648542006622	12.791705670863083	12.631342053613666	36.99831076762843	0.01378730723262031
144.0	37.79269813412156	12.813640194901163	12.862278888786255	36.52754364492887	0.0038391372621466835
145.0	37.62079984703602	13.162443157927466	13.090305413628963	36.123153440832375	0.0032981405751782815
146.0	37.34924921645965	13.346792675817316	13.34549945030568	35.95632777447205	0.002130882945309346
147.0	36.62159604383983	13.171297409027543	13.275203696582224	36.92574388309379	0.006158967456616834
148.0	36.988605470782204	13.051551150209859	12.990889852884226	36.958971089266925	0.009982436856784106
149.0	38.360701936681096	12.881448990693025	10.481284311078976	38.24005784134055	0.03650692020635142
150.0	38.160410108878736	14.006059889014466	7.57844178137282	40.255088220733974	0.0
