# Position (bp)	A	C	G	T	N
0.0	39.98922638543074	8.518735876711876	12.710851431998929	38.780891433897615	2.948719608410036E-4
1.0	37.21180581027219	12.272491898213076	11.902341283369077	38.572345037592584	0.04101597055307911
2.0	36.83111891682741	13.23128605888521	12.264602275260819	37.67047554936085	0.0025171996657158847
3.0	37.19941399591782	12.45818931355246	12.538387294902167	37.801787067922675	0.0022223277048748808
4.0	36.542288235184124	12.509734370707276	12.41607296714551	38.53066740312737	0.0012370238357232346
5.0	36.56507968015742	11.945601157624166	12.302209238266613	39.18244231657166	0.00466760738014174
6.0	37.59152897584495	11.781192059457695	11.804947232303007	38.811105021885254	0.011226710509092845
7.0	38.057304409989975	11.414659020133282	11.639948390214853	38.887203563779366	8.846158825230108E-4
8.0	38.22468380376199	11.511707855245197	11.501380144616718	38.76041581261678	0.0018123837593154366
9.0	38.315907119647534	11.384833800094071	11.57826980640577	38.71932073007421	0.0016685437784173863
10.0	38.280098156402964	11.722951251192073	11.39708177446754	38.5938922667311	0.005976551206314
11.0	38.26799402201039	11.501782896563231	11.551846401914798	38.67759994361472	7.767358968494729E-4
12.0	38.450152973819684	11.444793496131425	11.482918283068452	38.62088383914662	0.0012514078338130396
13.0	38.29891242590443	11.400490782014824	11.55242176183839	38.74338515887845	0.0047898713639050825
14.0	38.32141619091593	11.620350192817494	11.329829391398656	38.725534617249004	0.002869607618916108
15.0	38.354772682486185	11.356864115808445	11.479588387510663	38.806135350545226	0.0026394636494792277
16.0	38.440566039092836	11.44864840761949	11.413170276330987	38.69361652548772	0.003998751468965805
17.0	38.346394003598874	11.345889125265925	11.480976443326329	38.82453967610113	0.0022007517077401732
18.0	38.5215263723413	11.396571142535352	11.331181487219098	38.74498897466546	0.005732023238787314
19.0	38.39750034881195	11.317782792998445	11.436278169262259	38.83977233007824	0.008666358849107544
20.0	38.45545347711578	11.401404165893526	11.40997702875505	38.727569952978705	0.005595375256934166
21.0	38.49262892017888	11.188463458172054	11.528839196970155	38.78813377693584	0.0019346477430787796
22.0	38.49463548791241	11.440176232744596	11.329031079504674	38.73446708006277	0.001690119775552094
23.0	38.47947475392575	11.238217707564688	11.410228748721622	38.871201365904454	8.774238834781082E-4
24.0	38.652600554934644	11.25586687322088	11.336899126459796	38.753885477484005	7.479679006698628E-4
25.0	38.55226497625921	11.203207056214103	11.40958146880758	38.83227826707344	0.0026682316456588372
26.0	38.495196463837914	11.375980449269797	11.347579245041477	38.77865472219465	0.0025891196561649097
27.0	38.48716300090476	11.15652379041364	11.469634660832517	38.885779547968475	8.989998806128159E-4
28.0	38.606456689062554	11.280405973962086	11.366645234509514	38.74333481488514	0.003157287580712209
29.0	38.41394845062764	11.198158272884582	11.518626558326392	38.868058462321834	0.0012082558395436246
30.0	38.64471093198239	11.260203648644955	11.292409420368028	38.79887862350892	0.003797375495708534
31.0	38.556465103701434	11.190024121964797	11.408308484976633	38.84249809771625	0.0027041916408833497
32.0	38.63974126064236	11.293797476183695	11.337301878406311	38.71850084218309	0.010658542584545546
33.0	38.59636631440255	11.13691120901819	11.453524582971935	38.81060877395115	0.0025891196561649097
34.0	38.59058394717045	11.341703381821791	11.305067338687056	38.76087610055565	0.0017692317650460216
35.0	38.50090691107956	11.227458476993514	11.38133848855825	38.887520011737344	0.002776111631332375
36.0	38.67176004039027	11.241245539162591	11.353347228275489	38.73076320055465	0.002883991617005913
37.0	38.51257233353039	11.178401851508234	11.4477206397427	38.85791774366852	0.00338743155014909
38.0	38.58776468354485	11.385603343991876	11.299328123449225	38.722665009630084	0.00463883938396213
39.0	38.566253414401544	11.172036932353494	11.435048337425581	38.82415850015175	0.0025028156676260792
40.0	38.66469251156162	11.244934217117544	11.378345980789657	38.710557982115205	0.0014693084159753296
41.0	38.547584433254734	11.136309278404054	11.428526915556791	38.88511260988996	0.002466762894462074
42.0	38.72997651336522	11.200222369614648	11.276698042375918	38.79155001243172	0.0015530622124938726
43.0	38.59696233633003	11.19777222854045	11.33046827169824	38.87240989339682	0.0023872700344584347
44.0	38.68279804370624	11.2642071675325	11.25231141317215	38.79644524142296	0.004238134166142393
45.0	38.70461835558691	10.957288534100853	11.38404116941917	38.952180155168136	0.0018717857249349937
46.0	38.51372984669397	11.250942556353046	11.40843546797328	38.82200997949134	0.004882149488365991
47.0	38.6109435100412	11.14824200259183	11.31486907062616	38.92490513423791	0.0010402825028993329
48.0	38.83362050295684	11.086682733013692	11.27981835795892	38.796753328444424	0.0031250776261269307
49.0	38.649639245407876	11.096505327342312	11.372342374063047	38.87857341733252	0.0029396358542497906
50.0	38.713652988508116	11.218754560518326	11.247408676054231	38.81661205366084	0.003571721258490507
51.0	38.73194128180834	11.060092056632346	11.369933895775686	38.833907879739094	0.004124886044537799
52.0	38.81937240521468	11.054131467218873	11.339447093144765	38.78463247067866	0.0024165637430199755
53.0	38.707778146179486	11.001786560891546	11.385773238599512	38.900885977586675	0.003776076742784064
54.0	38.86503738359131	11.064164281210239	11.260081155074086	38.79885321894008	0.01186396118429056
55.0	38.779061421145585	11.038736751639302	11.342711511605163	38.8345433935841	0.004946922025850571
56.0	38.8779562258905	11.092967560130647	11.300641134014299	38.724166201567456	0.0042688783970979876
57.0	38.7965610977779	11.043797694206553	11.441752865843974	38.70802753214805	0.009860810023535498
58.0	38.87560866987207	11.269394693332222	11.369084274925994	38.48448811956846	0.001424242301250861
59.0	38.743524438821645	11.09324120887635	11.424779004975765	38.73737650278058	0.0010788445456686349
60.0	38.89967984780098	11.139927563391282	11.370009438440537	38.58965057050582	7.325798613796107E-4
61.0	38.72589040038211	11.061632279302568	11.415215287874721	38.79672852356308	5.335088775136234E-4
62.0	38.792409480202856	11.086847495160077	11.305264559115628	38.81495906089864	5.194046228050238E-4
63.0	38.87056653126079	10.941594317812742	11.366090959489918	38.820700491906074	0.00104769953047457
64.0	38.995071510497134	11.01167750055324	11.42064375892086	38.562732987841514	0.009874242187257003
65.0	38.80218185335329	11.046025672045245	11.359446711009051	38.79064680263372	0.0016989609586968433
66.0	38.99679371156448	11.067795460483	11.163983367327438	38.76936042802648	0.002067032598596522
67.0	38.79285567921401	10.934043030510372	11.26611387288792	39.00544797653952	0.001539440848181091
68.0	38.72537122176373	11.00561849762722	11.267814554627808	38.99794016610241	0.0032555598788392877
69.0	38.65102791392051	10.887042829065901	11.406589108969886	39.04778529157886	0.007554856464847321
70.0	38.73986625041808	10.990716071266657	11.334547491790019	38.92277063513938	0.012099551385864
71.0	38.677788233291906	10.978918766869414	11.332645564636099	39.005520741984355	0.005126693218226792
72.0	38.96447258464017	10.957704382392135	11.163039141138473	38.910635638838485	0.004148252990732306
73.0	38.89422731816013	11.061142508313775	11.136551591847223	38.90246116669713	0.005617414981743778
74.0	38.959813974043755	11.176125108210169	11.001644590647063	38.84153515366316	0.020881173435854734
75.0	38.91058453441807	10.991340693069795	11.02255610094066	39.03729170976402	0.038226961807453046
76.0	38.93344846088738	11.088660665700992	11.054676926836708	38.921691269019924	0.0015226775549980148
77.0	38.80513578261125	11.081006746926706	11.079815554919072	39.02983101385993	0.004210901683032912
78.0	38.998899187757715	11.164474845080017	10.922700426327271	38.90749666359509	0.006428877239905181
79.0	38.93567093630388	11.256925877950193	10.926532662911164	38.8773541629705	0.0035163598642685093
80.0	39.04253526817536	11.28132587755911	10.850347059428925	38.81197040560784	0.01382138922876953
81.0	39.01892936794799	11.140329791763513	10.959377422446586	38.87982099322372	0.0015424246181964568
82.0	39.034020161228646	11.234202193566151	10.871147109663012	38.85899377418812	0.0016367613540758418
83.0	38.85607903130254	11.168179468001496	10.840687812151497	39.13336827251829	0.001685416026176656
84.0	38.9377936141214	11.084801901138846	11.000673990186893	38.97508830054176	0.0016421940111026126
85.0	38.728656006988174	11.227437272654738	10.937715949654242	39.09901134549039	0.007179425212450262
86.0	38.72524236544797	11.341577241479037	10.829242255801594	39.102444359471924	0.001493777799474344
87.0	38.86145213694166	11.148539860975868	10.920941353412454	39.068565313382756	5.013352872554786E-4
88.0	38.970241589398	11.207818738958629	10.906158413506965	38.91548767144497	2.9358669143714244E-4
89.0	38.780535050759966	11.166967186402387	11.085057210449898	38.96679821225131	6.423401364376884E-4
90.0	38.80686225608755	11.1745474408564	10.958270428905735	39.059118249057036	0.0012016250932809932
91.0	38.819881106375924	11.190497953348826	10.907751088015125	39.08011476995725	0.0017550823028761062
92.0	38.76266508171623	11.20654352182626	11.006119381620385	39.01931191575698	0.005360099080147873
93.0	38.94074109345032	11.077459673280845	10.888523947042199	39.08380667925667	0.009468606969970176
94.0	38.9955907571878	11.156997243032674	10.80814883157954	39.0344852784003	0.004777889799689313
95.0	38.92710706381938	11.107300633807075	10.837857742881626	39.11857637926222	0.009158180229702176
96.0	39.19816865205815	11.002347556518195	10.836956158939339	38.952686730719236	0.009840901765078557
97.0	39.00309188343511	11.075969313031395	10.874966670279921	39.044323798554345	0.0016483346992271898
98.0	38.995803956045336	11.199568442855638	10.787701879569763	39.01378026129338	0.0031454602358780633
99.0	38.97441828165265	11.030154904570878	10.925842141804697	39.06675646550451	0.0028282064672652436
100.0	39.138717999289845	11.049992577223513	10.880132932811206	38.92754967636931	0.003606814306125089
101.0	38.99201955852574	11.033938817933182	10.88944008817783	39.08071133700267	0.003890198360581854
102.0	39.16981683911516	11.015739600073926	10.772991677429102	39.040683468132116	7.684152496997041E-4
103.0	39.06745568291788	11.033838123726783	10.855211803464696	39.03736715629771	0.006127233592923268
104.0	39.18583567792213	11.166150833277273	10.833566718719162	38.81351640925889	9.30360822553473E-4
105.0	39.16647778265977	10.86576860122397	10.81514635954459	39.15110946282982	0.0014977937418512652
106.0	39.13757619234672	11.045063530972921	10.9181444688553	38.89325300660482	0.005962801220242968
107.0	39.06544906884254	11.004103918152934	10.865045931044289	39.06368954982466	0.001711532135575419
108.0	39.21306522564473	10.942235454774336	10.832881531567121	39.009582150542215	0.0022356374715917786
109.0	39.099123141043194	11.000963493928769	10.858265876314228	39.03976883210743	0.001878656606380255
110.0	39.14323989007963	11.067484255920657	10.827820783882078	38.958430417833995	0.0030246522836406293
111.0	39.09615035541207	10.948721486994986	10.864611971004745	39.08634899734364	0.004167189244557103
112.0	39.12967560786072	11.00322035467029	10.901208266993036	38.96205143877344	0.0038443317025075216
113.0	39.06385183337689	11.004720297164512	10.912133556676624	39.01710123467061	0.002193078111372923
114.0	39.1697859277817	10.991354947343563	10.82308595439659	39.01347011534576	0.0023030551323826903
115.0	39.097436917559754	10.967635983103799	10.83619002392128	39.09583609820027	0.0029009772148961034
116.0	39.13292077192411	11.007320250793908	10.845370898135332	39.013011969709304	0.0013761094373422361
117.0	39.10340130969868	10.933635612498	10.878671808154127	39.07966471426573	0.004626555383458212
118.0	39.15136148871188	11.061265847294258	10.800649362117992	38.97777797401897	0.008945327856895688
119.0	39.05879393608671	11.016734591541264	10.831854390044459	39.0897411316661	0.0028759506614686524
120.0	39.25205275736689	10.936514202706444	10.853889918145878	38.95454621590137	0.002996905879420272
121.0	39.14639618013138	11.061317527525183	10.82434066150618	38.966020260653984	0.0019253701832730255
122.0	39.15609560534865	11.064335368414838	10.801612453438873	38.97628270575413	0.001673867043503887
123.0	39.10953200576431	11.113529570667511	10.839709265903597	38.93464267301372	0.002586484650866303
124.0	39.13004338876238	10.982991658147698	10.888772321295475	38.99565847366165	0.0025341581327925364
125.0	39.108203310395155	10.95217312848395	10.876715030346755	39.06182119045339	0.0010873403207537742
126.0	39.17627573207575	10.953144855381895	10.833167078850217	39.03674676111585	6.65572576280025E-4
127.0	39.117507920567256	11.02520113400058	10.839066865323296	39.01633947168088	0.0018846084279855678
128.0	39.14319091854994	11.040550498714763	10.875825172992101	38.9395390265366	8.943832065928247E-4
129.0	39.12456538677435	10.985598069688923	10.874890037617607	39.005671964409885	0.009274541509228462
130.0	39.165854846566	11.038732216940726	10.846943917227943	38.94157414716899	0.00689487209634345
131.0	39.12250552704398	10.995367983141852	10.93796131485937	38.93997269500104	0.004192479953758125
132.0	39.21110703022831	10.960861108279248	10.938851347017643	38.884868019074226	0.0043124954005675275
133.0	39.23135057639739	10.924067455850677	10.949135016861595	38.893196538730734	0.0022504121596029526
134.0	39.194353628972685	11.039198526626523	10.86310142266986	38.897858760317774	0.005487661413156783
135.0	39.13587173926058	10.985087882812032	10.941981560800919	38.93286638928045	0.004192427846020715
136.0	39.16443830091353	11.031020113185804	11.059302069195551	38.73922842867771	0.006011088027396237
137.0	39.089297735551405	11.011415860459175	11.006072397173385	38.89219661140642	0.0010173954096145063
138.0	39.07384562070321	11.045819712461972	11.002669032052133	38.876422469938774	0.0012431648439155097
139.0	38.99924085642127	11.091905383315916	11.015922239072017	38.88784132979187	0.005090191398935066
140.0	39.03105895814596	11.101686927033445	11.074564249827713	38.788886653340185	0.003803211652695541
141.0	39.14006475998054	11.028703752803763	11.037207274066068	38.792484409706404	0.001539803443225414
142.0	39.207373260690375	11.21080572805794	10.963829164359797	38.61638618677507	0.001605660116817415
143.0	39.263837934074054	11.260508886171298	10.985614192788631	38.476738473759575	0.013300513206442778
144.0	39.346108157558284	11.424927010105272	11.27833931775102	37.9475029054697	0.0031226091157269555
145.0	39.50621627693293	11.716289159483642	11.495929790401755	37.27880280440107	0.002761968780604857
146.0	38.907161718912	11.90151942698789	11.73576294825405	37.45389523284722	0.0016606729988335326
147.0	38.160082510398595	11.870185955015987	11.75261243583949	38.212379616935905	0.0047394818100225744
148.0	38.60460263183999	11.683969582802266	11.498784397617083	38.20487625935097	0.007767128389696482
149.0	39.71782878915468	11.080055152915861	9.76913812814188	39.39724593243225	0.035731997355329635
150.0	39.58788214728992	12.122071537194966	6.632536705672551	41.65750960984257	0.0
