chrm	strand	event_id	is_annotated	gene_name	e1_start	e1_end	e2_starts	e2_ends	e3_start	e3_end	LCM_4:e1_cov	LCM_4:e2_cov	LCM_4:e3_cov	LCM_4:e1e2_conf	LCM_4:sum_e2_conf	LCM_4:num_e2	LCM_4:e2e3_conf	LCM_4:e1e3_conf	LCM_4:psi	LCM_5:e1_cov	LCM_5:e2_cov	LCM_5:e3_cov	LCM_5:e1e2_conf	LCM_5:sum_e2_conf	LCM_5:num_e2	LCM_5:e2e3_conf	LCM_5:e1e3_conf	LCM_5:psi	LCM_8:e1_cov	LCM_8:e2_cov	LCM_8:e3_cov	LCM_8:e1e2_conf	LCM_8:sum_e2_conf	LCM_8:num_e2	LCM_8:e2e3_conf	LCM_8:e1e3_conf	LCM_8:psi	LCM_9:e1_cov	LCM_9:e2_cov	LCM_9:e3_cov	LCM_9:e1e2_conf	LCM_9:sum_e2_conf	LCM_9:num_e2	LCM_9:e2e3_conf	LCM_9:e1e3_conf	LCM_9:psi	LCM_15:e1_cov	LCM_15:e2_cov	LCM_15:e3_cov	LCM_15:e1e2_conf	LCM_15:sum_e2_conf	LCM_15:num_e2	LCM_15:e2e3_conf	LCM_15:e1e3_conf	LCM_15:psi	LCM_16:e1_cov	LCM_16:e2_cov	LCM_16:e3_cov	LCM_16:e1e2_conf	LCM_16:sum_e2_conf	LCM_16:num_e2	LCM_16:e2e3_conf	LCM_16:e1e3_conf	LCM_16:psi	LCM_20:e1_cov	LCM_20:e2_cov	LCM_20:e3_cov	LCM_20:e1e2_conf	LCM_20:sum_e2_conf	LCM_20:num_e2	LCM_20:e2e3_conf	LCM_20:e1e3_conf	LCM_20:psi	LCM_21:e1_cov	LCM_21:e2_cov	LCM_21:e3_cov	LCM_21:e1e2_conf	LCM_21:sum_e2_conf	LCM_21:num_e2	LCM_21:e2e3_conf	LCM_21:e1e3_conf	LCM_21:psi	LCM_26:e1_cov	LCM_26:e2_cov	LCM_26:e3_cov	LCM_26:e1e2_conf	LCM_26:sum_e2_conf	LCM_26:num_e2	LCM_26:e2e3_conf	LCM_26:e1e3_conf	LCM_26:psi	LCM_27:e1_cov	LCM_27:e2_cov	LCM_27:e3_cov	LCM_27:e1e2_conf	LCM_27:sum_e2_conf	LCM_27:num_e2	LCM_27:e2e3_conf	LCM_27:e1e3_conf	LCM_27:psi
Pocillopora_acuta_HIv2___Sc0000000	+	mult_exon_skip.1	2	Pocillopora_acuta_HIv2___TS.g10640.t1	5547252	5547428	5547969:5548421	5548142:5548488	5549091	5550026	9.6	0.0	0.0	0	0	2	0	0	nan	6.0	0.0	4.3	0	0	2	0	9	0.00	27.2	91.7	23.2	75	98	2	72	0	1.00	0.0	0.0	0.1	0	0	2	0	0	nan	0.0	13.2	8.5	0	25	2	16	0	1.00	0.0	0.0	0.1	0	0	2	0	0	nan	2.4	0.0	3.8	0	0	2	0	0	nan	0.0	0.0	0.0	0	0	2	0	0	nan	7.3	5.8	10.9	0	6	2	0	18	0.10	0.0	0.0	0.4	0	0	2	0	0	nan
Pocillopora_acuta_HIv2___Sc0000000	-	mult_exon_skip.7	2	Pocillopora_acuta_HIv2___RNAseq.g28039.t1	7453037	7453145	7453365:7454464	7453471:7454737	7458472	7458639	0.0	0.0	0.0	0	0	2	0	0	nan	0.0	0.0	22.6	0	0	2	0	0	nan	49.3	0.0	0.0	0	0	2	0	0	nan	0.0	0.0	0.0	0	0	2	0	0	nan	160.3	84.0	48.5	68	69	2	56	0	1.00	105.4	0.1	0.0	0	0	2	0	0	nan	0.0	0.0	0.0	0	0	2	0	0	nan	0.0	0.0	0.0	0	0	2	0	0	nan	91.6	40.0	76.8	0	0	2	19	20	0.24	0.0	0.0	21.3	0	0	2	0	0	nan
Pocillopora_acuta_HIv2___Sc0000000	-	mult_exon_skip.8	2	Pocillopora_acuta_HIv2___TS.g11388.t2	14608506	14608538	14609242:14610118:14610701:14611517:14612162:14612549:14612946:14613360	14609361:14610144:14610718:14611645:14612188:14612569:14613074:14613392	14614186	14614305	0.0	0.0	0.0	0	0	8	0	0	nan	49.7	16.3	12.2	0	79	8	15	0	1.00	0.0	0.0	0.0	0	0	8	0	0	nan	0.0	0.0	0.0	0	0	8	0	0	nan	84.5	0.2	3.8	3	0	8	0	14	0.02	0.0	0.0	0.0	0	0	8	0	0	nan	60.9	18.5	0.0	62	0	8	0	0	1.00	77.2	50.9	30.7	0	238	8	52	0	1.00	39.7	11.9	0.0	0	50	8	0	0	1.00	0.0	0.0	0.0	0	0	8	0	0	nan
Pocillopora_acuta_HIv2___Sc0000001	-	mult_exon_skip.14	2	Pocillopora_acuta_HIv2___RNAseq.g10169.t1	345810	345881	346396:347053	346524:347199	347544	347597	6.6	0.0	0.0	0	0	2	0	0	nan	78.0	9.2	53.8	14	15	2	0	57	0.14	0.0	0.0	0.0	0	0	2	0	0	nan	0.0	0.0	0.0	0	0	2	0	0	nan	0.0	1.4	0.0	0	0	2	0	0	nan	87.2	0.0	52.9	0	0	2	0	68	0.00	39.8	0.0	56.8	0	0	2	0	53	0.00	0.0	0.0	0.0	0	0	2	0	0	nan	137.4	17.5	118.7	0	15	2	11	106	0.08	0.0	0.0	0.0	0	0	2	0	0	nan
Pocillopora_acuta_HIv2___Sc0000001	-	mult_exon_skip.17	2	Pocillopora_acuta_HIv2___RNAseq.g10749.t1	6985709	6985801	6987006:6987243	6987032:6987293	6987423	6987543	44.1	18.4	33.0	14	19	2	17	0	1.00	199.7	183.0	196.0	39	175	2	170	16	0.89	0.0	0.0	0.0	0	0	2	0	0	nan	0.0	0.0	0.0	0	0	2	0	0	nan	187.4	158.9	138.6	73	159	2	143	0	1.00	24.5	0.0	2.8	0	0	2	0	0	nan	125.8	67.7	87.9	28	66	2	49	0	1.00	29.9	38.2	37.3	0	33	2	43	0	1.00	309.0	302.7	282.0	74	281	2	295	0	1.00	93.0	53.7	62.5	0	47	2	54	0	1.00
Pocillopora_acuta_HIv2___Sc0000002	+	mult_exon_skip.21	2	Pocillopora_acuta_HIv2___RNAseq.g24790.t1	1643392	1643430	1644505:1645690	1644575:1645789	1646922	1646992	0.0	0.0	0.0	0	0	2	0	0	nan	0.0	0.0	1.5	0	0	2	0	0	nan	0.0	0.0	0.0	0	0	2	0	0	nan	0.0	0.0	0.0	0	0	2	0	0	nan	0.0	12.8	37.9	0	0	2	31	0	1.00	0.0	18.8	97.4	0	0	2	62	0	1.00	0.0	0.0	0.0	0	0	2	0	0	nan	0.0	0.0	0.0	0	0	2	0	0	nan	37.5	25.3	68.0	12	20	2	46	26	0.50	0.0	0.0	0.0	0	0	2	0	0	nan
Pocillopora_acuta_HIv2___Sc0000002	+	mult_exon_skip.22	2	Pocillopora_acuta_HIv2___RNAseq.g24790.t1	1644505	1644575	1645690:1646922	1645789:1646992	1648102	1648311	0.0	0.0	0.0	0	0	2	0	0	nan	0.0	0.6	3.8	0	0	2	2	0	nan	0.0	0.0	0.7	0	0	2	0	0	nan	0.0	0.0	0.0	0	0	2	0	0	nan	0.0	28.5	38.6	0	31	2	39	0	1.00	2.0	58.4	36.8	0	62	2	86	0	1.00	0.0	0.0	21.2	0	0	2	0	0	nan	0.0	0.0	0.0	0	0	2	0	0	nan	16.1	46.8	91.4	20	46	2	63	7	0.86	0.0	0.0	14.0	0	0	2	0	0	nan
Pocillopora_acuta_HIv2___Sc0000003	+	mult_exon_skip.26	2	Pocillopora_acuta_HIv2___TS.g8089.t1	3664662	3664724	3664951:3665663	3665001:3665725	3665968	3666018	0.0	0.0	0.0	0	0	2	0	0	nan	8.8	13.5	10.3	10	7	2	12	0	1.00	0.0	0.0	0.0	0	0	2	0	0	nan	0.0	0.0	0.0	0	0	2	0	0	nan	76.1	61.6	67.1	54	20	2	41	21	0.65	0.0	0.0	0.0	0	0	2	0	0	nan	3.5	2.2	0.0	3	0	2	0	0	nan	0.0	0.0	0.0	0	0	2	0	0	nan	49.5	41.9	32.4	37	44	2	30	0	1.00	0.0	0.0	0.0	0	0	2	0	0	nan
Pocillopora_acuta_HIv2___Sc0000003	+	mult_exon_skip.28	0	Pocillopora_acuta_HIv2___TS.g8089.t1	3664951	3665001	3665663:3665968	3665725:3666018	3669330	3669392	0.0	0.0	0.0	0	0	2	0	0	nan	9.1	14.0	24.7	7	12	2	8	0	1.00	0.0	0.0	0.0	0	0	2	0	0	nan	0.0	0.0	0.0	0	0	2	0	0	nan	55.2	66.9	123.9	20	41	2	60	27	0.60	0.0	0.0	0.0	0	0	2	0	0	nan	4.4	0.3	7.0	0	0	2	0	3	nan	0.0	0.0	0.0	0	0	2	0	0	nan	40.0	38.5	61.4	44	30	2	26	0	1.00	0.0	0.0	0.0	0	0	2	0	0	nan
Pocillopora_acuta_HIv2___Sc0000003	+	mult_exon_skip.30	2	Pocillopora_acuta_HIv2___TS.g8089.t1	3665663	3665725	3665968:3666680:3666981:3667692:3668008:3668324	3666018:3666742:3667031:3667754:3668070:3668386	3668619	3668669	0.0	0.0	0.0	0	0	6	0	0	nan	17.0	18.8	24.8	12	19	6	14	6	0.52	0.0	0.0	0.0	0	0	6	0	0	nan	0.0	0.0	0.0	0	0	6	0	0	nan	66.8	111.1	132.2	41	200	6	131	0	1.00	0.0	0.0	0.0	0	0	6	0	0	nan	0.5	5.0	0.0	0	11	6	0	0	1.00	0.0	0.0	0.0	0	0	6	0	0	nan	43.4	44.2	43.9	30	69	6	29	0	1.00	0.0	0.0	0.0	0	0	6	0	0	nan
Pocillopora_acuta_HIv2___Sc0000003	+	mult_exon_skip.32	2	Pocillopora_acuta_HIv2___TS.g8089.t1	3666680	3666742	3666981:3667692	3667031:3667754	3668008	3668070	0.0	0.0	0.0	0	0	2	0	0	nan	25.4	18.7	9.5	2	10	2	7	6	0.51	0.0	0.0	0.0	0	0	2	0	0	nan	0.0	0.0	0.0	0	0	2	0	0	nan	131.9	46.5	170.8	21	11	2	0	74	0.13	0.0	0.0	0.0	0	0	2	0	0	nan	0.0	1.8	12.7	0	0	2	0	0	nan	0.0	0.0	0.0	0	0	2	0	0	nan	60.0	26.6	43.4	12	21	2	0	30	0.27	0.0	0.0	0.0	0	0	2	0	0	nan
Pocillopora_acuta_HIv2___Sc0000003	+	mult_exon_skip.33	2	Pocillopora_acuta_HIv2___TS.g8089.t1	3666680	3666742	3666981:3667692:3668008	3667031:3667754:3668070	3668324	3668386	0.0	0.0	0.0	0	0	3	0	0	nan	25.4	15.4	28.7	2	17	3	0	11	0.30	0.0	0.0	0.0	0	0	3	0	0	nan	0.0	0.0	0.0	0	0	3	0	0	nan	131.9	90.7	182.8	21	11	3	168	0	1.00	0.0	0.0	0.0	0	0	3	0	0	nan	0.0	5.7	12.3	0	0	3	11	0	1.00	0.0	0.0	0.0	0	0	3	0	0	nan	60.0	32.6	70.7	12	21	3	36	22	0.44	0.0	0.0	0.0	0	0	3	0	0	nan
Pocillopora_acuta_HIv2___Sc0000003	+	mult_exon_skip.34	2	Pocillopora_acuta_HIv2___TS.g8089.t1	3666680	3666742	3666981:3667692:3668008:3668324	3667031:3667754:3668070:3668386	3668619	3668669	0.0	0.0	0.0	0	0	4	0	0	nan	25.4	18.9	24.8	2	17	4	14	3	0.69	0.0	0.0	0.0	0	0	4	0	0	nan	0.0	0.0	0.0	0	0	4	0	0	nan	131.9	114.9	132.2	21	179	4	131	35	0.65	0.0	0.0	0.0	0	0	4	0	0	nan	0.0	7.4	0.0	0	11	4	0	0	1.00	0.0	0.0	0.0	0	0	4	0	0	nan	60.0	42.6	43.9	12	57	4	29	16	0.55	0.0	0.0	0.0	0	0	4	0	0	nan
Pocillopora_acuta_HIv2___Sc0000003	-	mult_exon_skip.39	2	Pocillopora_acuta_HIv2___RNAseq.g5095.t1	4809164	4809459	4809664:4810560:4811456	4809886:4810937:4811775	4812140	4812362	14.6	24.2	62.4	15	1	3	0	63	0.06	0.0	0.0	0.0	0	0	3	0	0	nan	0.0	10.7	89.5	0	1	3	23	0	1.00	0.0	0.0	0.0	0	0	3	0	0	nan	31.7	20.1	95.1	2	2	3	3	1	0.64	0.0	0.5	0.0	0	0	3	0	0	nan	18.5	9.0	57.6	3	15	3	3	25	0.17	0.0	0.4	14.1	0	0	3	0	0	nan	33.3	11.5	36.6	26	6	3	15	0	1.00	17.0	8.6	32.6	8	4	3	13	0	1.00
Pocillopora_acuta_HIv2___Sc0000003	-	mult_exon_skip.42	0	Pocillopora_acuta_HIv2___RNAseq.g5095.t1	4810560	4810696	4810772:4811456:4812140:4813919	4810937:4811775:4812362:4814055	4814131	4814296	6.8	22.0	89.7	0	0	4	0	0	nan	0.0	0.0	0.0	0	0	4	0	0	nan	7.4	34.6	13.5	12	55	4	0	3	0.82	0.0	0.0	0.0	0	0	4	0	0	nan	15.6	37.3	56.7	11	28	4	4	12	0.42	0.0	0.6	15.2	0	0	4	0	0	nan	3.5	17.4	25.2	0	7	4	0	0	nan	0.0	3.9	9.2	0	0	4	0	0	nan	11.0	15.1	28.3	20	44	4	0	0	1.00	3.3	12.4	32.4	0	13	4	0	0	1.00
Pocillopora_acuta_HIv2___Sc0000003	-	mult_exon_skip.43	2	Pocillopora_acuta_HIv2___RNAseq.g5095.t1	4811456	4811775	4812140:4813919:4814131:4814810	4812362:4814055:4814296:4815129	4815498	4815720	4.4	62.2	3.6	0	109	4	16	3	0.89	0.0	0.0	0.0	0	0	4	0	0	nan	24.2	37.1	48.1	23	32	4	81	54	0.33	0.0	0.0	0.0	0	0	4	0	0	nan	18.9	46.5	38.5	3	48	4	52	37	0.36	1.5	8.4	0.0	0	20	4	0	0	1.00	2.9	23.9	18.7	3	25	4	17	14	0.39	0.0	5.5	0.0	0	0	4	0	0	nan	6.6	17.5	5.6	15	29	4	0	0	1.00	8.9	19.0	5.8	13	20	4	0	0	1.00
Pocillopora_acuta_HIv2___Sc0000003	-	mult_exon_skip.44	2	Pocillopora_acuta_HIv2___RNAseq.g5095.t1	4812178	4812362	4813919:4814131:4814810:4815498	4814055:4814296:4815129:4815720	4816352	4816729	61.2	46.7	10.9	0	125	4	3	14	0.65	0.0	0.0	3.7	0	0	4	0	0	nan	100.9	26.2	0.0	32	81	4	0	0	1.00	0.0	0.0	0.0	0	0	4	0	0	nan	111.1	31.6	51.0	25	75	4	0	85	0.19	0.0	8.4	0.0	0	20	4	0	0	1.00	62.9	13.7	36.7	1	41	4	0	48	0.15	16.6	1.8	8.9	0	0	4	0	6	0.00	39.9	9.3	23.6	29	0	4	4	9	0.42	36.4	11.9	14.3	0	20	4	0	15	0.21
Pocillopora_acuta_HIv2___Sc0000003	-	mult_exon_skip.45	2	Pocillopora_acuta_HIv2___RNAseq.g5095.t1	4814131	4814296	4814810:4815498:4816352	4815129:4815720:4816729	4817335	4817793	89.7	30.4	0.0	109	19	3	0	0	1.00	0.0	1.5	13.1	0	0	3	15	0	1.00	13.5	21.1	0.6	0	81	3	0	0	1.00	0.0	0.0	0.0	0	0	3	0	0	nan	56.7	38.7	22.4	19	52	3	33	13	0.67	15.2	5.0	0.0	20	0	3	0	0	1.00	25.2	22.8	13.0	24	17	3	24	0	1.00	9.2	3.6	0.0	0	0	3	0	0	nan	28.3	12.2	26.7	0	4	3	38	0	1.00	32.4	10.8	0.4	20	0	3	0	6	0.45
Pocillopora_acuta_HIv2___Sc0000003	-	mult_exon_skip.49	1	Pocillopora_acuta_HIv2___RNAseq.g5260.t1	6691705	6691743	6691987:6692683	6692026:6692763	6693078	6693151	158.3	115.5	140.1	0	0	2	138	0	1.00	275.4	171.1	306.9	0	0	2	63	103	0.17	0.0	0.0	0.0	0	0	2	0	0	nan	0.0	0.0	2.5	0	0	2	0	0	nan	117.0	17.8	5.6	0	0	2	0	0	nan	39.3	24.7	38.1	0	0	2	34	0	1.00	151.2	90.0	96.6	27	13	2	91	0	1.00	186.7	59.1	61.6	0	0	2	0	0	nan	158.1	128.8	213.2	102	56	2	84	73	0.52	70.1	14.5	0.0	0	0	2	0	0	nan
Pocillopora_acuta_HIv2___Sc0000004	+	mult_exon_skip.53	0	Pocillopora_acuta_HIv2___RNAseq.g13040.t1	6535419	6535527	6536035:6536264	6536116:6536418	6536761	6536853	0.0	0.0	0.0	0	0	2	0	0	nan	19.8	0.4	31.3	0	0	2	0	22	0.00	0.0	0.0	0.0	0	0	2	0	0	nan	0.0	0.0	67.0	0	0	2	0	0	nan	0.0	2.4	8.7	0	3	2	6	0	nan	2.2	11.6	12.0	10	0	2	10	0	1.00	10.3	0.8	8.6	0	1	2	0	0	nan	0.0	0.0	18.8	0	0	2	0	0	nan	37.4	7.3	24.4	0	10	2	0	27	0.11	56.1	0.0	33.0	0	0	2	0	25	0.00
Pocillopora_acuta_HIv2___Sc0000004	-	mult_exon_skip.57	0	Pocillopora_acuta_HIv2___RNAseq.g12553.t1	465284	465679	466966:467101	467021:467207	468475	468635	0.0	0.0	0.0	0	0	2	0	0	nan	112.0	9.5	6.5	0	0	2	0	14	0.00	0.0	0.0	0.0	0	0	2	0	0	nan	0.0	0.0	0.0	0	0	2	0	0	nan	0.3	0.0	0.0	0	0	2	0	0	nan	0.0	0.0	0.0	0	0	2	0	0	nan	21.4	87.6	147.9	0	0	2	55	0	1.00	1.3	0.0	0.0	0	0	2	0	0	nan	67.9	30.9	93.4	44	31	2	0	0	1.00	0.0	0.0	63.7	0	0	2	0	0	nan
Pocillopora_acuta_HIv2___Sc0000005	+	mult_exon_skip.64	0	Pocillopora_acuta_HIv2___TS.g12284.t1	2270139	2270207	2270733:2271323	2270840:2271425	2271554	2271668	0.0	0.0	2.3	0	0	2	0	0	nan	0.0	0.5	15.5	0	0	2	0	0	nan	0.0	21.0	108.6	0	0	2	0	0	nan	0.0	0.1	8.5	0	0	2	1	0	nan	0.0	5.9	59.5	0	0	2	0	0	nan	0.0	28.3	86.0	0	0	2	58	0	1.00	45.5	40.0	70.4	25	23	2	46	0	1.00	0.0	6.9	48.3	0	0	2	0	0	nan	64.4	28.7	163.1	21	2	2	30	41	0.30	50.4	69.7	89.2	0	0	2	66	0	1.00
Pocillopora_acuta_HIv2___Sc0000005	+	mult_exon_skip.65	2	Pocillopora_acuta_HIv2___RNAseq.g13877.t1	3115551	3115608	3116626:3116892:3117669	3116686:3116972:3117771	3118606	3118795	0.0	0.0	0.0	0	0	3	0	0	nan	18.5	17.3	24.9	0	35	3	26	0	1.00	0.0	0.0	5.2	0	0	3	0	0	nan	0.0	0.0	0.0	0	0	3	0	0	nan	44.4	45.9	8.7	44	103	3	29	0	1.00	0.0	0.0	0.0	0	0	3	0	0	nan	0.0	0.0	0.0	0	0	3	0	0	nan	0.0	0.0	0.0	0	0	3	0	0	nan	4.0	0.0	1.2	0	0	3	0	4	0.00	0.0	1.0	0.0	0	0	3	0	0	nan
Pocillopora_acuta_HIv2___Sc0000005	-	mult_exon_skip.70	0	Pocillopora_acuta_HIv2___RNAseq.g13664.t1	957312	957361	957980:958562:958827	958045:958595:958934	959619	959712	4.9	0.0	0.0	0	0	3	0	0	nan	123.9	103.3	91.1	110	117	3	111	0	1.00	0.0	3.5	8.6	0	0	3	11	0	1.00	0.0	0.0	0.0	0	0	3	0	0	nan	32.6	3.6	0.0	13	0	3	0	0	1.00	29.5	48.5	89.0	29	0	3	76	0	1.00	151.8	106.3	72.4	128	136	3	74	25	0.77	0.0	0.0	0.0	0	0	3	0	0	nan	187.2	216.8	241.2	173	150	3	235	0	1.00	45.7	55.3	55.7	47	61	3	56	0	1.00
Pocillopora_acuta_HIv2___Sc0000005	-	mult_exon_skip.71	2	Pocillopora_acuta_HIv2___RNAseq.g14043.t1	5114866	5114937	5115537:5116473	5115602:5116523	5116988	5117050	0.0	0.0	0.0	0	0	2	0	0	nan	272.5	254.3	255.0	280	234	2	222	27	0.90	308.4	114.8	289.9	137	106	2	103	179	0.39	0.0	0.0	0.0	0	0	2	0	0	nan	173.4	126.8	98.7	163	117	2	91	0	1.00	144.1	118.5	73.1	138	136	2	73	0	1.00	50.3	37.4	15.5	36	34	2	19	0	1.00	0.0	0.0	0.0	0	0	2	0	0	nan	225.7	192.6	146.3	218	173	2	169	0	1.00	120.6	65.5	72.4	80	56	2	72	0	1.00
Pocillopora_acuta_HIv2___Sc0000006	-	mult_exon_skip.75	0	Pocillopora_acuta_HIv2___TS.g28104.t1	5830980	5831175	5831484:5832128	5831598:5832214	5832665	5832750	0.0	0.0	0.0	0	0	2	0	0	nan	0.0	0.0	0.0	0	0	2	0	0	nan	0.0	0.0	0.0	0	0	2	0	0	nan	0.0	0.0	0.0	0	0	2	0	0	nan	0.0	0.0	0.0	0	0	2	0	0	nan	0.0	0.0	0.0	0	0	2	0	0	nan	49.2	28.5	30.4	41	19	2	14	11	0.69	0.0	0.0	0.0	0	0	2	0	0	nan	0.0	0.0	0.0	0	0	2	0	0	nan	0.0	0.0	0.0	0	0	2	0	0	nan
Pocillopora_acuta_HIv2___Sc0000007	+	mult_exon_skip.79	0	Pocillopora_acuta_HIv2___RNAseq.6974_t	1383103	1383192	1386079:1386284	1386213:1386373	1387733	1387932	0.0	5.3	0.0	0	0	2	0	0	nan	0.0	0.0	0.0	0	0	2	0	0	nan	0.0	9.7	0.0	0	0	2	0	0	nan	0.0	0.0	0.0	0	0	2	0	0	nan	7.7	11.7	0.0	10	0	2	0	0	1.00	0.0	0.2	0.0	0	0	2	0	0	nan	0.0	0.3	0.0	0	0	2	0	0	nan	0.0	0.6	0.0	0	0	2	0	0	nan	11.8	55.7	43.2	15	53	2	30	0	1.00	26.1	69.7	18.4	36	69	2	63	7	0.89
Pocillopora_acuta_HIv2___Sc0000007	-	mult_exon_skip.80	2	Pocillopora_acuta_HIv2___RNAseq.g17422.t1	391951	392050	392653:393278:393844:394093	392824:393388:393890:394365	395320	395478	168.1	165.3	113.3	195	558	4	107	0	1.00	27.1	21.8	39.4	24	65	4	4	0	1.00	0.0	0.0	0.0	0	0	4	0	0	nan	0.0	0.0	0.0	0	0	4	0	0	nan	0.0	0.4	41.1	0	0	4	16	0	1.00	13.2	5.5	0.0	25	0	4	0	0	1.00	0.0	0.0	0.0	0	0	4	0	0	nan	44.7	0.0	87.6	0	0	4	0	77	0.00	50.0	33.5	33.1	55	90	4	24	0	1.00	57.2	14.2	0.0	59	15	4	0	0	1.00
Pocillopora_acuta_HIv2___Sc0000007	-	mult_exon_skip.81	0	Pocillopora_acuta_HIv2___RNAseq.g17610.t5	2091339	2091505	2091859:2092293:2094013	2091887:2092425:2094116	2094472	2094500	2584.7	1747.6	5514.3	1760	0	3	4797	958	0.63	4084.9	4138.3	7996.4	3301	0	3	7405	896	0.75	3012.0	2464.2	4221.8	2484	68	3	3792	490	0.76	2204.5	1440.8	2759.5	1654	0	3	2456	358	0.74	3092.0	2340.7	5203.7	2340	0	3	4835	571	0.76	2660.4	2272.2	5329.2	1979	0	3	4643	577	0.74	3399.6	3454.1	6479.1	2742	0	3	6361	709	0.76	1579.4	1290.5	3226.3	1195	0	3	2818	523	0.66	5245.2	5521.0	9470.4	4466	34	3	8861	871	0.79	1458.6	1250.2	2526.4	1211	0	3	2432	318	0.74
Pocillopora_acuta_HIv2___Sc0000007	-	mult_exon_skip.83	0	Pocillopora_acuta_HIv2___RNAseq.g17610.t5	2091859	2091887	2092293:2094013:2094472	2092425:2094116:2094500	2095036	2095076	2116.8	2118.0	5960.2	0	4797	3	4859	1316	0.65	4835.8	4482.9	9289.9	0	7405	3	6882	2197	0.62	2768.8	2622.6	4203.7	68	3792	3	3630	466	0.80	2109.2	1511.7	2884.4	0	2456	3	2324	697	0.63	3023.0	2578.4	5768.0	0	4835	3	4642	997	0.70	2885.2	2538.7	6100.6	0	4643	3	4659	1321	0.64	3264.3	3804.6	6660.7	0	6361	3	5603	925	0.76	1522.7	1476.2	3637.0	0	2818	3	2820	744	0.65	6059.2	5892.9	10831.5	34	8861	3	8273	1962	0.69	1557.0	1355.8	2759.1	0	2432	3	2174	597	0.66
Pocillopora_acuta_HIv2___Sc0000007	-	mult_exon_skip.86	0	Pocillopora_acuta_HIv2___TS.g22844.t2	2557002	2557034	2557211:2557665:2558124	2557249:2557768:2558159	2561799	2561859	0.0	0.0	0.0	0	0	3	0	0	nan	89.5	34.6	140.7	22	54	3	73	64	0.37	238.7	89.3	424.7	39	166	3	215	227	0.32	27.4	3.1	14.0	0	6	3	6	22	0.12	62.0	85.5	144.0	53	150	3	144	0	1.00	29.4	14.8	70.3	0	33	3	33	36	0.31	55.2	72.0	203.9	35	134	3	165	22	0.79	12.2	16.2	31.6	19	27	3	25	0	1.00	219.5	40.3	263.4	31	66	3	90	183	0.20	138.5	19.6	178.3	0	42	3	49	137	0.14
Pocillopora_acuta_HIv2___Sc0000007	-	mult_exon_skip.87	2	Pocillopora_acuta_HIv2___TS.g22844.t2	2558124	2558159	2561799:2562085:2562753	2561859:2562166:2562832	2563037	2563119	0.0	0.0	0.0	0	0	3	0	0	nan	63.2	160.2	159.6	73	155	3	169	0	1.00	196.9	337.4	227.1	215	425	3	209	0	1.00	6.0	5.6	4.0	6	3	3	0	0	nan	151.9	136.5	72.5	144	156	3	80	0	1.00	34.2	43.1	36.0	33	57	3	27	0	1.00	161.1	166.5	127.3	165	202	3	111	19	0.86	24.6	21.0	12.8	25	32	3	1	0	1.00	82.1	210.3	124.3	90	259	3	139	0	1.00	43.4	132.8	104.5	49	183	3	73	0	1.00
Pocillopora_acuta_HIv2___Sc0000008	+	mult_exon_skip.89	2	Pocillopora_acuta_HIv2___RNAseq.g25984.t1	5475308	5475399	5475488:5475847	5475548:5475898	5476009	5476073	0.0	0.0	0.0	0	0	2	0	0	nan	283.1	184.9	112.3	248	183	2	66	24	0.87	0.0	0.0	42.3	0	0	2	0	0	nan	0.0	0.0	0.0	0	0	2	0	0	nan	145.3	132.7	127.1	150	121	2	119	0	1.00	1.0	0.9	1.3	0	0	2	2	0	nan	43.8	62.0	78.7	56	61	2	70	0	1.00	27.7	23.2	0.8	37	17	2	2	0	1.00	154.2	116.0	68.5	138	119	2	79	0	1.00	90.7	117.4	49.9	98	116	2	31	0	1.00
Pocillopora_acuta_HIv2___Sc0000010	-	mult_exon_skip.97	2	Pocillopora_acuta_HIv2___RNAseq.g17246.t1	6214174	6214419	6214992:6215826	6215019:6215856	6215937	6216061	0.0	2.7	0.0	0	0	2	0	0	nan	85.5	116.8	128.9	110	112	2	132	16	0.88	0.0	0.0	0.0	0	0	2	0	0	nan	0.0	0.0	0.0	0	0	2	0	0	nan	0.2	0.0	0.0	0	0	2	0	0	nan	5.8	7.9	30.2	0	0	2	0	0	nan	36.3	0.0	29.0	0	0	2	0	39	0.00	64.4	33.9	145.1	0	0	2	66	59	0.27	8.2	11.9	9.3	12	10	2	10	0	1.00	0.0	0.0	0.0	0	0	2	0	0	nan
Pocillopora_acuta_HIv2___Sc0000011	-	mult_exon_skip.105	0	Pocillopora_acuta_HIv2___TS.g6820.t3c	1256159	1256236	1257109:1257480:1257773:1260844:1261509	1257177:1257548:1257853:1260924:1261586	1262416	1262466	0.0	0.5	0.0	0	2	5	0	0	nan	3.7	11.4	28.8	0	14	5	19	0	1.00	17.5	5.7	0.0	19	7	5	0	0	1.00	113.0	58.8	0.0	116	195	5	0	0	1.00	3.9	35.2	19.8	11	108	5	0	0	1.00	8.3	4.6	0.0	6	11	5	0	0	1.00	50.0	67.2	98.3	29	193	5	81	10	0.83	2.8	11.5	0.0	6	25	5	0	0	1.00	18.8	44.2	38.8	10	63	5	37	0	1.00	5.8	81.8	51.5	17	280	5	75	0	1.00
Pocillopora_acuta_HIv2___Sc0000011	-	mult_exon_skip.107	0	Pocillopora_acuta_HIv2___TS.g6820.t3c	1260844	1260924	1261509:1262755:1263086:1264248	1261586:1262835:1263166:1264328	1264904	1264981	0.0	0.0	0.0	0	0	4	0	0	nan	28.7	23.7	91.2	12	37	4	21	19	0.42	10.6	0.6	25.0	0	0	4	0	11	0.00	36.2	0.0	156.5	0	0	4	0	74	0.00	51.8	57.9	165.9	12	115	4	39	67	0.33	1.0	0.0	0.0	0	0	4	0	0	nan	113.0	128.3	202.6	90	196	4	66	86	0.45	12.0	0.1	0.0	1	0	4	0	0	nan	66.0	64.3	141.9	29	137	4	55	52	0.46	107.5	70.4	77.6	117	48	4	39	23	0.64
Pocillopora_acuta_HIv2___Sc0000011	-	mult_exon_skip.108	0	Pocillopora_acuta_HIv2___TS.g6820.t3c	1260844	1260924	1264904:1266322	1264981:1266402	1266984	1267061	0.0	0.0	0.0	0	0	2	0	0	nan	28.7	131.9	194.0	19	148	2	136	58	0.64	10.6	25.4	93.8	11	22	2	26	24	0.45	36.2	172.8	208.3	74	196	2	140	51	0.73	51.8	186.7	229.9	67	203	2	153	66	0.68	1.0	0.0	10.4	0	0	2	0	0	nan	113.0	221.9	248.0	86	232	2	180	54	0.75	12.0	0.0	67.6	0	0	2	0	53	0.00	66.0	161.7	226.0	52	173	2	143	78	0.61	107.5	97.3	169.8	23	103	2	106	48	0.62
Pocillopora_acuta_HIv2___Sc0000013	+	mult_exon_skip.109	0	Pocillopora_acuta_HIv2___TS.g314.t3a	3200221	3200319	3200386:3200947	3200517:3200979	3201772	3201837	426.9	220.1	649.5	3	13	2	87	0	1.00	175.6	95.0	710.2	0	21	2	0	3	0.70	0.2	14.3	65.2	0	2	2	0	0	nan	22.8	2.9	76.3	0	0	2	0	0	nan	62.8	71.7	435.5	0	0	2	0	0	nan	204.4	58.6	630.8	3	11	2	0	0	1.00	136.0	84.6	434.9	0	5	2	0	0	nan	130.3	69.1	521.1	0	3	2	2	0	nan	204.1	109.5	716.3	0	12	2	39	0	1.00	297.0	86.8	382.1	0	9	2	23	0	1.00
Pocillopora_acuta_HIv2___Sc0000013	+	mult_exon_skip.113	0	Pocillopora_acuta_HIv2___TS.g314.t3a	3200221	3200715	3200881:3201508:3201855	3201111:3201557:3201903	3202069	3206536	324.7	280.3	29.2	0	499	3	176	0	1.00	193.8	178.2	7.2	81	29	3	86	2	0.96	31.3	15.8	22.2	8	6	3	0	2	0.64	8.8	39.2	0.8	0	22	3	0	0	1.00	112.4	114.7	5.9	21	18	3	0	5	0.66	131.9	144.7	19.7	18	26	3	68	0	1.00	147.6	133.9	20.5	0	32	3	61	1	0.96	100.9	145.8	7.0	0	12	3	48	0	1.00	185.0	133.7	13.1	0	15	3	77	2	0.92	191.7	97.6	28.1	34	18	3	71	1	0.97
Pocillopora_acuta_HIv2___Sc0000013	+	mult_exon_skip.114	0	Pocillopora_acuta_HIv2___TS.g314.t3a	3200452	3200715	3201673:3201871	3201837:3201903	3202069	3206536	343.9	459.1	29.2	6	0	2	176	0	1.00	258.2	496.8	7.2	23	194	2	86	2	0.98	56.8	43.3	22.2	4	0	2	0	2	0.40	6.1	57.2	0.8	0	0	2	0	0	nan	163.4	302.4	5.9	8	0	2	0	5	0.35	121.6	407.8	19.7	0	0	2	68	0	1.00	194.2	314.3	20.5	11	2	2	61	1	0.96	99.8	362.1	7.0	4	2	2	48	0	1.00	217.6	441.7	13.1	13	25	2	77	2	0.95	180.8	262.3	28.1	7	0	2	71	1	0.96
Pocillopora_acuta_HIv2___Sc0000013	+	mult_exon_skip.115	0	Pocillopora_acuta_HIv2___TS.g314.t3a	3200221	3200847	3200881:3201508	3201111:3201837	3201871	3201903	280.7	211.2	854.7	39	107	2	0	6	0.89	207.4	186.8	742.6	0	29	2	194	0	1.00	31.8	16.0	65.8	0	6	2	0	0	nan	7.1	40.3	85.4	0	22	2	0	0	1.00	113.8	127.8	424.9	0	18	2	0	0	1.00	119.8	163.6	554.0	0	26	2	0	0	1.00	150.7	130.8	487.6	63	32	2	2	0	1.00	87.6	133.4	646.7	8	12	2	2	0	1.00	174.7	173.6	503.7	5	15	2	25	0	1.00	178.3	103.7	367.8	0	18	2	0	10	0.38
Pocillopora_acuta_HIv2___Sc0000013	+	mult_exon_skip.116	0	Pocillopora_acuta_HIv2___TS.g314.t3a	3200765	3200847	3201673:3201871	3201837:3201903	3202069	3206536	94.4	459.1	29.2	22	0	2	176	0	1.00	268.9	496.8	7.2	64	194	2	86	13	0.90	31.6	43.3	22.2	7	0	2	0	12	0.16	0.8	57.2	0.8	0	0	2	0	0	nan	116.1	302.4	5.9	17	0	2	0	10	0.36	72.3	407.8	19.7	0	0	2	68	0	1.00	154.2	314.3	20.5	38	2	2	61	0	1.00	36.3	362.1	7.0	1	2	2	48	0	1.00	126.1	441.7	13.1	43	25	2	77	6	0.89	132.0	262.3	28.1	23	0	2	71	0	1.00
Pocillopora_acuta_HIv2___Sc0000013	+	mult_exon_skip.117	2	Pocillopora_acuta_HIv2___RNAseq.g11872.t3	4738497	4738532	4740099:4740723	4740242:4740848	4741788	4741841	139.1	55.0	86.9	128	0	2	0	0	1.00	147.6	70.7	236.1	0	23	2	41	122	0.15	0.0	0.3	0.0	0	0	2	0	0	nan	0.0	19.7	162.6	0	0	2	0	0	nan	70.5	38.2	95.6	25	31	2	17	52	0.32	80.6	0.0	56.3	0	0	2	0	76	0.00	291.7	50.0	267.4	89	28	2	27	193	0.20	0.0	0.0	0.0	0	0	2	0	0	nan	197.5	36.4	252.1	30	41	2	42	162	0.19	61.6	17.0	57.9	0	0	2	0	58	0.00
Pocillopora_acuta_HIv2___Sc0000013	-	mult_exon_skip.118	1	Pocillopora_acuta_HIv2___RNAseq.g11482.t1	680827	681077	681969:682721	682068:682869	684211	684421	0.0	0.0	0.0	0	0	2	0	0	nan	19.8	0.0	0.0	0	0	2	0	0	nan	0.0	0.0	0.0	0	0	2	0	0	nan	198.8	0.0	0.0	0	0	2	0	0	nan	0.0	0.0	0.0	0	0	2	0	0	nan	61.0	0.0	57.3	0	0	2	0	46	0.00	0.0	0.0	0.0	0	0	2	0	0	nan	19.7	0.0	0.0	0	0	2	0	0	nan	69.5	44.6	38.0	42	46	2	36	0	1.00	0.0	0.0	0.0	0	0	2	0	0	nan
Pocillopora_acuta_HIv2___Sc0000015	-	mult_exon_skip.131	2	Pocillopora_acuta_HIv2___RNAseq.g4506.t1	3040298	3040354	3040755:3041115	3040819:3041190	3041618	3041727	25.8	55.9	55.7	10	0	2	99	0	1.00	22.1	32.6	9.0	18	26	2	32	0	1.00	0.0	3.4	9.3	0	0	2	12	0	1.00	0.0	0.0	0.0	0	0	2	0	0	nan	0.0	0.0	0.0	0	0	2	0	0	nan	3.0	11.9	29.6	3	0	2	45	0	1.00	1.0	32.5	53.9	1	0	2	71	0	1.00	51.8	0.0	6.5	0	0	2	0	28	0.00	0.0	0.0	0.0	0	0	2	0	0	nan	0.0	38.1	39.7	0	0	2	69	0	1.00
Pocillopora_acuta_HIv2___Sc0000016	-	mult_exon_skip.133	2	Pocillopora_acuta_HIv2___RNAseq.g24327.t1	3883938	3884127	3884672:3885162	3884737:3885309	3888055	3888984	0.0	0.0	0.0	0	0	2	0	0	nan	24.2	0.0	0.7	0	0	2	0	12	0.00	0.0	0.0	0.0	0	0	2	0	0	nan	0.0	0.0	0.0	0	0	2	0	0	nan	25.1	28.8	23.2	25	38	2	31	0	1.00	0.0	0.0	0.0	0	0	2	0	0	nan	0.0	0.0	0.0	0	0	2	0	0	nan	26.3	0.0	0.0	0	0	2	0	0	nan	29.9	38.0	26.4	41	40	2	41	0	1.00	0.0	0.0	0.0	0	0	2	0	0	nan
Pocillopora_acuta_HIv2___Sc0000017	-	mult_exon_skip.134	0	Pocillopora_acuta_HIv2___RNAseq.g21532.t1	2403526	2403626	2405079:2405682:2406365	2405211:2405830:2406518	2407776	2407876	64.2	30.0	0.0	74	0	3	0	0	1.00	173.0	214.9	191.7	149	233	3	197	0	1.00	398.5	116.0	0.0	366	33	3	0	0	1.00	118.3	43.7	0.0	113	32	3	0	0	1.00	84.4	89.6	46.4	92	95	3	49	0	1.00	91.3	43.2	0.0	73	29	3	0	0	1.00	327.3	324.4	238.1	311	393	3	283	0	1.00	217.4	174.8	92.4	172	228	3	103	28	0.82	491.9	424.0	282.8	496	412	3	300	0	1.00	78.6	21.9	0.0	93	14	3	0	0	1.00
Pocillopora_acuta_HIv2___Sc0000018	+	mult_exon_skip.136	2	Pocillopora_acuta_HIv2___RNAseq.g8174.t1	569620	569796	570337:570789	570510:570856	571459	572394	17.5	0.0	0.0	0	0	2	0	0	nan	22.5	5.5	3.9	0	0	2	0	21	0.00	39.4	20.2	25.4	38	16	2	55	0	1.00	0.0	0.0	0.1	0	0	2	0	0	nan	0.0	5.1	7.9	0	8	2	16	0	1.00	0.0	0.0	0.6	0	0	2	0	0	nan	12.6	0.0	1.6	0	0	2	0	0	nan	0.0	0.0	0.0	0	0	2	0	0	nan	21.9	1.0	7.6	0	0	2	0	24	0.00	0.0	0.0	0.0	0	0	2	0	0	nan
Pocillopora_acuta_HIv2___Sc0000019	+	mult_exon_skip.140	0	Pocillopora_acuta_HIv2___TS.g16836.t1	1044728	1044958	1045769:1046379:1047011:1047414:1047951:1048390:1048793:1049759:1050588:1050996:1051546	1045914:1046590:1047062:1047504:1048079:1048470:1049025:1049906:1050772:1051083:1051774	1064411	1064556	0.3	50.8	11.2	0	421	11	0	0	1.00	15.1	14.1	38.5	16	120	11	5	0	1.00	4.6	0.3	109.3	0	0	11	7	35	0.02	0.0	0.1	0.0	0	0	11	0	0	nan	31.9	3.7	34.5	34	16	11	0	26	0.14	3.1	12.7	2.1	0	114	11	0	3	0.76	37.6	44.0	60.9	23	396	11	1	13	0.73	61.5	9.4	3.9	41	50	11	0	14	0.35	1.0	15.0	21.9	0	165	11	3	4	0.78	0.8	27.1	7.9	0	228	11	4	0	1.00
Pocillopora_acuta_HIv2___Sc0000019	+	mult_exon_skip.142	2	Pocillopora_acuta_HIv2___TS.g16836.t1	1050588	1050772	1050996:1051546:1052558:1053318:1055552:1056005:1056571:1057022:1058855:1060108:1060969	1051083:1051740:1052703:1053529:1055603:1056095:1056699:1057102:1059087:1060255:1061153	1061446	1061533	27.2	56.3	0.0	122	313	11	0	0	1.00	4.1	30.5	33.9	18	226	11	28	0	1.00	0.8	18.0	100.2	0	70	11	114	3	0.84	0.0	2.0	0.0	0	22	11	0	0	1.00	0.4	30.7	0.0	2	199	11	0	0	1.00	14.6	17.5	0.0	51	118	11	0	0	1.00	68.9	43.3	6.1	130	336	11	2	8	0.83	0.0	6.3	0.0	0	37	11	0	0	1.00	33.8	20.3	0.0	73	116	11	0	0	1.00	28.2	34.2	0.0	63	176	11	0	0	1.00
Pocillopora_acuta_HIv2___Sc0000019	+	mult_exon_skip.143	0	Pocillopora_acuta_HIv2___TS.g16836.t1	1051546	1051774	1052558:1053318:1055552:1056005:1056571:1057022:1058855:1060108:1060969:1061446:1062003	1052703:1053529:1055603:1056095:1056699:1057102:1059087:1060255:1061153:1061533:1062233	1064411	1064556	136.4	27.4	11.2	0	129	11	0	0	1.00	23.1	31.6	38.5	0	278	11	27	5	0.84	1.7	33.0	109.3	0	255	11	28	7	0.77	0.0	1.9	0.0	0	22	11	0	0	1.00	2.3	29.6	34.5	0	199	11	0	0	1.00	50.6	6.3	2.1	0	55	11	0	0	1.00	99.9	20.3	60.9	4	163	11	14	1	0.94	3.1	5.8	3.9	0	37	11	0	0	1.00	35.6	10.5	21.9	4	54	11	0	3	0.62	52.2	22.9	7.9	0	127	11	0	4	0.73
Pocillopora_acuta_HIv2___Sc0000019	+	mult_exon_skip.145	0	Pocillopora_acuta_HIv2___TS.g16836.t1	1060969	1061153	1061446:1062003:1064411:1065179:1065815:1066248:1074260:1074716:1075143:1076255:1077084	1061533:1062233:1064556:1065390:1065866:1066338:1074388:1074796:1075375:1076402:1077268	1077555	1077642	37.8	8.0	43.9	0	63	11	0	0	1.00	37.3	14.2	25.1	28	88	11	16	0	1.00	128.1	34.6	146.9	114	206	11	66	38	0.46	0.0	19.4	0.0	0	259	11	0	0	1.00	16.1	6.7	30.5	0	2	11	25	1	0.69	1.3	0.6	0.0	0	2	11	0	0	nan	28.1	20.2	55.5	2	119	11	48	0	1.00	0.0	0.4	0.0	0	0	11	0	0	nan	20.9	5.8	7.3	0	48	11	0	0	1.00	41.6	8.3	27.8	0	34	11	13	0	1.00
Pocillopora_acuta_HIv2___Sc0000019	+	mult_exon_skip.148	0	Pocillopora_acuta_HIv2___TS.g16836.t1	1069693	1069868	1070165:1070644:1071676:1072637:1073282:1073723:1074260:1074716:1082529:1083214:1084044	1070252:1070874:1071821:1072848:1073333:1073813:1074388:1074796:1082761:1083361:1084219	1084516	1084603	0.0	0.8	0.0	0	0	11	0	0	nan	0.4	3.7	0.0	0	3	11	0	0	nan	8.3	27.4	39.1	19	285	11	24	20	0.58	0.0	3.1	0.0	0	33	11	0	0	1.00	0.0	0.3	0.0	0	2	11	0	0	nan	0.0	0.0	0.0	0	0	11	0	0	nan	9.7	3.2	0.0	5	16	11	0	0	1.00	0.0	0.0	0.0	0	0	11	0	0	nan	42.3	18.8	28.1	21	147	11	8	34	0.30	31.5	2.6	0.0	23	21	11	0	0	1.00
Pocillopora_acuta_HIv2___Sc0000019	+	mult_exon_skip.149	0	Pocillopora_acuta_HIv2___TS.g16836.t1	1071676	1071821	1072637:1073282:1073723:1074260:1074716:1082529:1083214:1084044:1084516:1084984:1085992	1072848:1073333:1073813:1074388:1074796:1082761:1083361:1084219:1084603:1085214:1086137	1086965	1087176	4.4	0.2	0.0	0	0	11	0	0	nan	5.8	3.1	0.0	0	3	11	0	0	nan	111.8	14.7	5.1	75	91	11	21	0	1.00	0.0	3.1	0.0	0	33	11	0	0	1.00	0.1	0.3	0.0	0	2	11	0	0	nan	0.3	0.1	0.0	0	0	11	0	0	nan	16.9	1.7	0.0	7	9	11	0	0	1.00	0.5	0.0	0.0	0	0	11	0	0	nan	63.5	11.5	2.8	32	40	11	10	6	0.53	0.8	1.9	0.0	0	21	11	0	0	1.00
Pocillopora_acuta_HIv2___Sc0000019	+	mult_exon_skip.150	2	Pocillopora_acuta_HIv2___TS.g16836.t1	1074260	1074388	1074716:1075143:1076255:1077084:1077555:1078112:1079164:1079899:1080533:1080966:1081516	1074796:1075375:1076402:1077268:1077642:1078342:1079309:1080110:1080584:1081056:1081644	1081968	1082048	0.0	13.0	0.0	0	145	11	0	0	1.00	3.3	10.8	4.0	3	75	11	4	3	0.69	0.0	46.8	0.0	0	367	11	0	0	1.00	24.9	2.9	33.6	22	0	11	29	27	0.14	3.2	12.9	3.7	2	93	11	0	5	0.61	0.0	0.4	0.0	0	2	11	0	0	nan	0.0	25.2	0.2	0	191	11	0	0	1.00	0.0	0.0	0.0	0	0	11	0	0	nan	4.7	4.8	9.0	7	17	11	10	5	0.36	0.0	11.5	0.2	0	85	11	0	0	1.00
Pocillopora_acuta_HIv2___Sc0000019	+	mult_exon_skip.151	2	Pocillopora_acuta_HIv2___TS.g16836.t1	1074716	1074796	1075143:1076255:1077084:1077555:1078112:1079164:1079899:1080533:1080966:1081516:1081968	1075375:1076402:1077268:1077642:1078342:1079309:1080110:1080584:1081056:1081644:1082048	1082529	1082761	0.0	13.0	0.0	0	145	11	0	0	1.00	2.1	10.9	15.2	0	79	11	0	0	1.00	0.0	46.8	0.0	0	367	11	0	0	1.00	16.6	3.7	1.5	0	29	11	13	11	0.24	1.3	13.1	0.0	0	93	11	0	0	1.00	0.0	0.4	0.0	0	2	11	0	0	nan	0.0	25.2	0.0	0	191	11	0	0	1.00	0.0	0.0	0.0	0	0	11	0	0	nan	8.7	4.8	13.5	3	24	11	4	7	0.27	0.2	11.5	4.3	1	84	11	0	0	1.00
Pocillopora_acuta_HIv2___Sc0000019	-	mult_exon_skip.152	2	Pocillopora_acuta_HIv2___TS.g16967.t1	2890716	2890964	2891699:2892684:2893673	2891947:2892932:2893921	2894659	2894907	0.0	0.0	0.0	0	0	3	0	0	nan	4.6	10.2	55.7	0	0	3	9	10	0.18	0.0	0.0	0.0	0	0	3	0	0	nan	0.0	0.0	0.0	0	0	3	0	0	nan	0.0	0.0	0.0	0	0	3	0	0	nan	0.0	0.0	0.0	0	0	3	0	0	nan	1.2	8.8	58.1	6	0	3	15	0	1.00	0.0	0.0	0.0	0	0	3	0	0	nan	0.0	0.0	0.0	0	0	3	0	0	nan	14.0	18.7	119.9	16	26	3	29	24	0.43
Pocillopora_acuta_HIv2___Sc0000020	+	mult_exon_skip.154	0	Pocillopora_acuta_HIv2___TS.g20064.t1	2264159	2264229	2264342:2264790:2266139:2266755:2267122:2267628:2268390	2264383:2264834:2266189:2266814:2267346:2267675:2268513	2268626	2268837	0.0	0.0	0.0	0	0	7	0	0	nan	16.6	29.3	61.2	10	105	7	48	18	0.53	0.0	0.0	0.0	0	0	7	0	0	nan	0.0	0.0	0.0	0	0	7	0	0	nan	1.0	0.1	0.0	0	0	7	0	0	nan	5.0	32.1	12.0	0	160	7	41	8	0.76	0.0	0.0	0.2	0	0	7	0	0	nan	0.0	0.0	0.0	0	0	7	0	0	nan	0.0	0.0	0.6	0	0	7	0	0	nan	0.0	0.0	3.9	0	0	7	1	0	nan
Pocillopora_acuta_HIv2___Sc0000022	-	mult_exon_skip.160	0	Pocillopora_acuta_HIv2___TS.g1833.t1	1842310	1842443	1844223:1844780	1844320:1844831	1845748	1845859	80.2	29.3	99.5	14	10	2	24	70	0.19	56.7	24.5	20.2	51	17	2	0	0	1.00	51.3	15.0	0.0	31	0	2	0	0	1.00	0.0	0.0	0.0	0	0	2	0	0	nan	26.5	0.5	0.0	3	0	2	0	0	nan	26.8	11.8	1.4	25	0	2	0	0	1.00	55.8	18.3	35.8	38	0	2	0	38	0.25	7.4	0.0	0.0	0	0	2	0	0	nan	26.6	3.9	12.8	7	0	2	0	0	nan	74.3	72.7	40.2	88	61	2	27	0	1.00
Pocillopora_acuta_HIv2___Sc0000022	-	mult_exon_skip.161	0	Pocillopora_acuta_HIv2___TS.g1833.t1	1844780	1844831	1845748:1846141:1846500	1845859:1846177:1846661	1847219	1847356	72.8	87.4	63.3	24	171	3	53	0	1.00	16.0	55.9	54.0	0	125	3	0	4	0.89	20.8	0.0	0.0	0	0	3	0	0	nan	0.0	0.0	0.0	0	0	3	0	0	nan	0.0	0.0	0.0	0	0	3	0	0	nan	0.0	8.4	2.4	0	1	3	4	0	nan	0.0	28.3	0.0	0	77	3	0	0	1.00	0.0	0.0	0.0	0	0	3	0	0	nan	0.0	28.4	0.9	0	81	3	3	0	1.00	45.6	85.2	76.0	27	183	3	91	0	1.00
Pocillopora_acuta_HIv2___Sc0000022	-	mult_exon_skip.162	2	Pocillopora_acuta_HIv2___RNAseq.g26649.t1	2003318	2003415	2003875:2004929:2005325	2003926:2005040:2005361	2005684	2005845	3.8	12.0	0.0	1	0	3	0	0	nan	76.1	61.3	31.1	84	116	3	42	0	1.00	11.4	0.0	0.0	0	0	3	0	0	nan	0.0	0.0	0.0	0	0	3	0	0	nan	1.8	0.0	0.0	0	0	3	0	0	nan	54.2	64.0	18.1	60	126	3	58	0	1.00	24.1	0.5	2.5	0	1	3	0	14	0.02	0.0	0.0	0.0	0	0	3	0	0	nan	10.4	27.7	0.0	12	47	3	0	0	1.00	84.8	55.7	20.5	78	103	3	54	0	1.00
Pocillopora_acuta_HIv2___Sc0000024	-	mult_exon_skip.169	2	Pocillopora_acuta_HIv2___RNAseq.g3902.t1	3036907	3037100	3037232:3037466:3037681:3038253:3038535:3040091	3037383:3037606:3037848:3038393:3039232:3040290	3040388	3040539	93.3	44.3	31.6	34	209	6	14	36	0.50	95.2	13.5	20.1	50	84	6	13	33	0.39	0.0	0.0	0.0	0	0	6	0	0	nan	0.0	30.0	158.0	0	197	6	185	0	1.00	66.5	17.6	22.4	38	134	6	9	32	0.45	136.5	24.1	50.6	53	151	6	28	63	0.34	49.5	16.6	74.1	21	104	6	50	17	0.60	43.1	5.2	52.4	6	25	6	44	7	0.60	110.1	27.8	85.7	32	145	6	59	33	0.51	278.5	108.5	174.1	151	442	6	40	168	0.35
Pocillopora_acuta_HIv2___Sc0000024	-	mult_exon_skip.170	2	Pocillopora_acuta_HIv2___RNAseq.g3902.t1	3037232	3037383	3037466:3037681:3038253:3038535:3040091:3040388	3037606:3037848:3038393:3039232:3040290:3040539	3040622	3040762	109.9	36.3	78.7	103	120	6	0	85	0.27	62.3	9.2	16.4	53	44	6	0	35	0.28	0.0	0.0	0.0	0	0	6	0	0	nan	74.2	38.5	98.1	59	323	6	102	69	0.50	55.6	14.2	2.4	61	82	6	0	12	0.63	104.7	18.6	48.6	79	100	6	0	56	0.31	49.9	19.1	84.5	61	93	6	72	0	1.00	33.0	7.2	81.2	24	45	6	43	30	0.35	58.5	30.6	30.0	58	146	6	21	21	0.60	259.8	99.8	100.6	193	289	6	46	101	0.43
Pocillopora_acuta_HIv2___Sc0000024	-	mult_exon_skip.171	2	Pocillopora_acuta_HIv2___RNAseq.g3902.t1	3037681	3037848	3038253:3038535:3040091:3040388:3040622:3040837:3041411	3038393:3039232:3040290:3040539:3040762:3041004:3041551	3041693	3042390	98.0	29.3	50.0	7	103	7	39	68	0.22	25.2	4.9	0.6	12	13	7	9	0	1.00	0.0	0.0	0.0	0	0	7	0	0	nan	50.4	34.0	0.0	5	287	7	0	0	1.00	51.9	5.5	2.7	17	10	7	31	0	1.00	57.3	14.5	2.2	27	59	7	25	0	1.00	38.4	21.3	5.9	15	181	7	13	0	1.00	1.4	14.5	0.0	0	145	7	0	0	1.00	51.8	27.8	8.5	20	114	7	71	0	1.00	176.1	76.8	59.1	33	142	7	114	0	1.00
Pocillopora_acuta_HIv2___Sc0000024	-	mult_exon_skip.172	2	Pocillopora_acuta_HIv2___RNAseq.g3902.t1	3038253	3038393	3038535:3040091:3040388:3040622:3040837:3041411	3039232:3040290:3040539:3040762:3041004:3041551	3041693	3042390	8.5	31.3	50.0	6	97	6	39	16	0.56	3.3	5.1	0.6	0	13	6	9	0	1.00	0.0	0.0	0.0	0	0	6	0	0	nan	1.1	37.1	0.0	0	287	6	0	0	1.00	7.1	5.3	2.7	1	9	6	31	0	1.00	7.7	15.2	2.2	0	59	6	25	7	0.63	7.7	22.6	5.9	1	180	6	13	9	0.75	0.0	15.8	0.0	0	145	6	0	0	1.00	7.5	29.7	8.5	2	112	6	71	0	1.00	19.5	82.2	59.1	7	135	6	114	34	0.52
Pocillopora_acuta_HIv2___Sc0000029	-	mult_exon_skip.175	0	Pocillopora_acuta_HIv2___RNAseq.g4036.t1	1145473	1145541	1146497:1148039	1146620:1148098	1148445	1148452	544.6	235.0	200.6	411	0	2	0	0	1.00	850.1	493.3	449.9	809	0	2	0	0	1.00	1396.0	792.8	706.9	1234	0	2	0	0	1.00	620.0	310.8	195.1	615	0	2	0	0	1.00	1241.4	735.3	691.1	1192	0	2	0	0	1.00	633.7	317.0	317.8	521	0	2	0	14	0.93	953.7	620.6	598.4	935	0	2	0	0	1.00	146.5	74.2	75.6	111	0	2	0	0	1.00	1074.6	577.5	518.8	975	28	2	4	0	1.00	442.6	254.0	193.4	405	61	2	43	0	1.00
Pocillopora_acuta_HIv2___Sc0000029	-	mult_exon_skip.178	0	Pocillopora_acuta_HIv2___RNAseq.g4097.t1	1879512	1879708	1879742:1879808	1879774:1879840	1880105	1881307	0.0	0.0	2.7	0	0	2	0	0	nan	1215.8	1776.9	2600.7	60	235	2	181	0	1.00	4355.1	9916.7	9932.1	997	950	2	654	1	1.00	48.6	344.2	379.2	24	0	2	0	0	1.00	1840.8	4722.6	5540.7	550	115	2	0	258	0.46	326.6	634.0	481.5	2	0	2	29	0	1.00	2343.4	6014.7	7158.0	841	793	2	0	0	1.00	82.0	145.3	81.1	0	0	2	0	0	nan	2286.0	4772.6	6823.0	648	476	2	0	0	1.00	1.3	0.9	1.3	0	0	2	0	0	nan
Pocillopora_acuta_HIv2___Sc0000029	-	mult_exon_skip.179	0	Pocillopora_acuta_HIv2___RNAseq.g4097.t1	1879512	1879708	1879742:1879808	1879774:1879873	1880072	1880665	0.0	0.5	4.3	0	0	2	0	0	nan	1215.8	1852.8	1917.0	60	235	2	135	0	1.00	4355.1	10437.3	8436.6	997	950	2	944	0	1.00	48.6	373.3	424.9	24	0	2	0	0	1.00	1840.8	4975.8	4434.2	550	115	2	457	67	0.85	326.6	649.2	436.5	2	0	2	0	0	nan	2343.4	6500.5	6440.6	841	793	2	519	0	1.00	82.0	141.1	93.7	0	0	2	0	0	nan	2286.0	4887.4	5248.3	648	476	2	0	0	1.00	1.3	0.6	1.5	0	0	2	0	0	nan
Pocillopora_acuta_HIv2___Sc0000029	-	mult_exon_skip.180	0	Pocillopora_acuta_HIv2___RNAseq.g4097.t1	1879512	1879708	1879742:1879808:1879940	1879774:1879873:1880629	1880930	1881307	0.0	3.3	1.3	0	0	3	0	0	nan	1215.8	1922.6	3478.1	60	235	3	0	4	0.95	4355.1	9284.8	10243.8	997	950	3	0	31	0.94	48.6	434.7	264.8	24	0	3	0	0	1.00	1840.8	4673.1	7030.6	550	115	3	2	0	1.00	326.6	474.3	504.7	2	0	3	0	0	nan	2343.4	6582.2	7382.0	841	793	3	0	58	0.88	82.0	104.9	82.3	0	0	3	0	0	nan	2286.0	5270.1	8243.2	648	762	3	27	0	1.00	1.3	1.2	1.1	0	0	3	0	0	nan
Pocillopora_acuta_HIv2___Sc0000029	-	mult_exon_skip.181	0	Pocillopora_acuta_HIv2___RNAseq.g4097.t1	1879512	1879708	1879742:1879808:1879973	1879774:1879873:1880038	1880072	1880354	0.0	0.7	2.0	0	0	3	0	0	nan	1215.8	1988.8	2076.7	60	258	3	146	0	1.00	4355.1	11275.3	9844.5	997	1154	3	139	0	1.00	48.6	446.1	487.4	24	0	3	0	0	1.00	1840.8	5211.9	5253.6	550	115	3	433	67	0.80	326.6	609.2	429.1	2	0	3	0	0	nan	2343.4	6939.4	6655.6	841	1002	3	458	0	1.00	82.0	131.5	93.2	0	0	3	0	0	nan	2286.0	5391.6	5520.8	648	476	3	392	0	1.00	1.3	0.4	0.9	0	0	3	0	0	nan
Pocillopora_acuta_HIv2___Sc0000029	-	mult_exon_skip.184	0	Pocillopora_acuta_HIv2___RNAseq.g4097.t1	1879512	1879741	1879775:1879841:1879973	1879807:1879939:1880038	1880072	1880354	0.0	1.1	2.0	0	0	3	0	0	nan	1240.2	2027.1	2076.7	86	0	3	146	0	1.00	4596.8	11374.6	9844.5	318	604	3	139	0	1.00	66.5	462.7	487.4	0	0	3	0	0	nan	2026.7	5387.9	5253.6	185	226	3	433	91	0.70	347.9	614.2	429.1	0	0	3	0	0	nan	2502.9	7103.1	6655.6	394	532	3	458	0	1.00	87.1	132.1	93.2	0	0	3	0	0	nan	2410.8	5453.4	5520.8	154	111	3	392	0	1.00	1.1	0.2	0.9	0	0	3	0	0	nan
Pocillopora_acuta_HIv2___Sc0000029	-	mult_exon_skip.185	0	Pocillopora_acuta_HIv2___RNAseq.g4097.t1	1879808	1879873	1879973:1880072	1880038:1880242	1880303	1881307	0.8	0.4	3.2	0	0	2	0	0	nan	1982.1	2149.2	2705.4	23	146	2	149	8	0.93	11423.5	11220.2	9967.0	204	139	2	827	0	1.00	416.7	527.5	353.5	0	0	2	0	0	nan	5413.8	5460.5	5599.1	0	433	2	1	0	1.00	690.6	471.1	492.0	0	0	2	0	0	nan	7296.7	7246.8	7258.4	209	458	2	0	0	1.00	141.5	90.6	80.1	0	0	2	0	0	nan	5213.9	5788.1	7088.5	0	392	2	0	0	1.00	0.4	0.2	1.5	0	0	2	0	0	nan
Pocillopora_acuta_HIv2___Sc0000029	-	mult_exon_skip.186	0	Pocillopora_acuta_HIv2___RNAseq.g4097.t1	1879808	1879873	1879973:1880072:1880451:1880732	1880038:1880354:1880665:1880848	1880897	1881307	0.8	1.7	1.2	0	0	4	0	0	nan	1982.1	2148.8	3443.6	23	146	4	0	140	0.19	11423.5	9983.0	10641.7	204	139	4	0	0	1.00	416.7	462.1	269.1	0	0	4	0	0	nan	5413.8	4938.1	7011.9	0	479	4	413	176	0.50	690.6	471.9	506.8	0	0	4	0	0	nan	7296.7	7038.6	7536.2	209	500	4	0	450	0.24	141.5	84.1	77.7	0	0	4	0	0	nan	5213.9	5995.4	8341.6	0	392	4	0	0	1.00	0.4	1.2	1.2	0	0	4	0	0	nan
Pocillopora_acuta_HIv2___Sc0000029	-	mult_exon_skip.187	0	Pocillopora_acuta_HIv2___RNAseq.g4097.t1	1879841	1879873	1880072:1880451	1880354:1880830	1880897	1881165	1.5	1.9	1.8	0	0	2	0	0	nan	2004.5	2168.4	2745.4	135	0	2	0	140	0.24	11478.6	9731.9	10587.9	944	0	2	0	0	1.00	431.5	455.5	228.2	0	0	2	0	0	nan	5482.2	4856.8	6030.0	457	24	2	501	176	0.65	679.5	473.3	469.5	0	0	2	0	0	nan	7472.1	6994.3	7328.6	519	42	2	534	450	0.45	132.7	79.6	52.2	0	0	2	0	0	nan	5117.2	6010.2	7612.6	0	0	2	0	0	nan	0.0	1.1	1.2	0	0	2	0	0	nan
Pocillopora_acuta_HIv2___Sc0000029	-	mult_exon_skip.188	0	Pocillopora_acuta_HIv2___RNAseq.g4097.t1	1879841	1879873	1880072:1880451:1880732	1880354:1880665:1880848	1880897	1881307	1.5	1.7	1.2	0	0	3	0	0	nan	2004.5	2144.1	3443.6	135	0	3	0	140	0.19	11478.6	9709.5	10641.7	944	0	3	0	0	1.00	431.5	452.1	269.1	0	0	3	0	0	nan	5482.2	4870.7	7011.9	457	46	3	413	176	0.57	679.5	463.6	506.8	0	0	3	0	0	nan	7472.1	6978.6	7536.2	519	42	3	0	450	0.24	132.7	80.6	77.7	0	0	3	0	0	nan	5117.2	5979.0	8341.6	0	0	3	0	0	nan	0.0	1.3	1.2	0	0	3	0	0	nan
Pocillopora_acuta_HIv2___Sc0000031	+	mult_exon_skip.191	2	Pocillopora_acuta_HIv2___RNAseq.g21186.t1	135948	136114	136353:136861	136454:136929	137264	137425	0.0	0.0	0.0	0	0	2	0	0	nan	75.3	31.9	32.1	43	28	2	24	26	0.55	0.0	0.0	0.0	0	0	2	0	0	nan	0.0	0.0	0.0	0	0	2	0	0	nan	0.0	0.0	0.0	0	0	2	0	0	nan	0.0	0.0	0.0	0	0	2	0	0	nan	0.0	0.7	1.7	0	0	2	2	0	nan	0.0	0.0	0.0	0	0	2	0	0	nan	0.0	1.4	1.4	0	2	2	4	0	nan	60.1	71.1	34.3	63	73	2	0	0	1.00
Pocillopora_acuta_HIv2___Sc0000031	+	mult_exon_skip.193	2	Pocillopora_acuta_HIv2___RNAseq.g21321.t1a	1416058	1416159	1416634:1417129:1417901:1418483:1419001:1419784	1416735:1417218:1418002:1418584:1419093:1419885	1420506	1420607	0.0	0.0	0.0	0	0	6	0	0	nan	0.0	4.7	1.8	0	0	6	0	0	nan	1.1	0.3	80.7	0	0	6	12	7	0.20	0.0	9.1	0.0	0	0	6	0	0	nan	0.0	4.5	1.0	0	11	6	0	0	1.00	4.0	3.9	12.1	9	9	6	2	0	1.00	0.5	1.7	26.4	0	0	6	0	0	nan	0.0	0.0	0.0	0	0	6	0	0	nan	0.0	0.1	2.1	0	0	6	0	0	nan	9.6	31.8	74.6	9	119	6	34	16	0.59
Pocillopora_acuta_HIv2___Sc0000031	+	mult_exon_skip.195	2	Pocillopora_acuta_HIv2___RNAseq.g21325.t1	1532312	1532468	1533185:1533344	1533249:1533414	1533901	1533982	346.6	166.8	34.7	364	72	2	20	0	1.00	271.1	252.2	214.5	260	137	2	15	36	0.79	150.7	161.6	101.7	0	173	2	18	120	0.35	275.1	142.6	127.9	244	111	2	23	138	0.48	183.5	187.7	149.9	173	121	2	20	10	0.91	58.8	136.7	187.1	57	69	2	224	1	0.99	316.4	301.5	136.0	333	173	2	0	4	0.98	139.5	186.1	143.5	123	134	2	40	0	1.00	459.1	253.9	204.7	439	104	2	75	2	0.99	197.5	143.1	115.6	168	91	2	0	23	0.79
Pocillopora_acuta_HIv2___Sc0000035	+	mult_exon_skip.201	2	Pocillopora_acuta_HIv2___RNAseq.g9702.t1	340412	340447	358527:358969	358592:359150	361711	361937	0.0	0.0	0.0	0	0	2	0	0	nan	14.3	0.0	5.1	0	0	2	0	0	nan	0.0	0.0	0.0	0	0	2	0	0	nan	0.0	0.0	0.0	0	0	2	0	0	nan	0.0	0.0	0.0	0	0	2	0	0	nan	0.0	0.0	0.0	0	0	2	0	0	nan	34.4	28.8	50.3	26	26	2	32	9	0.76	0.0	0.0	0.0	0	0	2	0	0	nan	45.0	27.7	31.4	22	23	2	29	0	1.00	2.3	12.6	15.2	5	11	2	13	0	1.00
Pocillopora_acuta_HIv2___Sc0000038	+	mult_exon_skip.203	0	Pocillopora_acuta_HIv2___RNAseq.g22258.t2	877000	877076	877609:878095:878947:879450	877689:878166:879054:879503	880137	880259	0.0	0.0	0.0	0	0	4	0	0	nan	29.5	12.9	6.9	0	0	4	0	0	nan	0.0	0.0	0.0	0	0	4	0	0	nan	3.1	0.0	0.0	0	0	4	0	0	nan	16.3	16.9	42.3	0	34	4	25	11	0.52	0.0	0.0	0.0	0	0	4	0	0	nan	57.2	65.1	71.3	52	98	4	69	0	1.00	0.0	0.0	0.0	0	0	4	0	0	nan	72.5	77.6	74.2	49	148	4	76	0	1.00	26.8	0.0	1.6	0	0	4	0	11	0.00
Pocillopora_acuta_HIv2___Sc0000044	+	mult_exon_skip.208	0	Pocillopora_acuta_HIv2___RNAseq.g23928.t1	30726	30786	30922:31414	31123:31466	31573	31650	0.0	0.0	0.0	0	0	2	0	0	nan	34.8	7.7	52.2	0	0	2	37	8	0.61	0.0	0.0	0.0	0	0	2	0	0	nan	0.0	2.3	115.5	0	0	2	35	0	1.00	0.0	0.6	20.7	0	0	2	7	0	nan	0.0	0.0	0.0	0	0	2	0	0	nan	29.7	9.2	71.8	0	0	2	56	0	1.00	52.2	17.7	87.8	0	0	2	81	0	1.00	56.3	11.2	41.0	0	0	2	50	0	1.00	109.7	59.4	94.8	67	56	2	94	0	1.00
Pocillopora_acuta_HIv2___xfSc0000000	+	mult_exon_skip.213	2	Pocillopora_acuta_HIv2___TS.g24838.t1	11947109	11947150	11947483:11947714	11947524:11947755	11947945	11947986	0.0	0.0	0.0	0	0	2	0	0	nan	0.0	0.0	0.0	0	0	2	0	0	nan	0.0	0.0	0.0	0	0	2	0	0	nan	0.0	0.0	0.0	0	0	2	0	0	nan	0.0	0.0	0.0	0	0	2	0	0	nan	0.0	0.0	0.0	0	0	2	0	0	nan	0.0	0.0	0.0	0	0	2	0	0	nan	0.0	0.0	0.0	0	0	2	0	0	nan	0.0	0.0	0.0	0	0	2	0	0	nan	52.5	97.7	181.5	25	64	2	71	10	0.84
Pocillopora_acuta_HIv2___xfSc0000000	+	mult_exon_skip.214	2	Pocillopora_acuta_HIv2___TS.g24838.t1	11947109	11947150	11947483:11947714:11947945	11947524:11947755:11947986	11948176	11948217	0.0	0.0	0.0	0	0	3	0	0	nan	0.0	0.0	0.0	0	0	3	0	0	nan	0.0	0.0	0.0	0	0	3	0	0	nan	0.0	0.0	0.0	0	0	3	0	0	nan	0.0	0.0	0.0	0	0	3	0	0	nan	0.0	0.0	0.0	0	0	3	0	0	nan	0.0	0.0	0.0	0	0	3	0	0	nan	0.0	0.0	0.0	0	0	3	0	0	nan	0.0	0.0	0.0	0	0	3	0	0	nan	52.5	125.6	93.3	25	135	3	78	4	0.94
Pocillopora_acuta_HIv2___xfSc0000001	+	mult_exon_skip.225	0	Pocillopora_acuta_HIv2___TS.g6681.t1	10871063	10871185	10875310:10876235:10877150:10877962:10878330:10880119:10880684	10875396:10876331:10877280:10878081:10878459:10880332:10880792	10886396	10886551	0.0	0.0	0.0	0	0	7	0	0	nan	9.7	48.7	58.9	9	178	7	58	0	1.00	51.7	30.1	297.7	0	115	7	153	116	0.22	0.0	0.0	0.0	0	0	7	0	0	nan	81.1	106.7	227.4	37	426	7	166	36	0.69	20.7	37.8	131.8	0	149	7	76	46	0.38	96.9	130.9	205.4	43	441	7	152	0	1.00	0.0	0.2	0.0	0	2	7	0	0	nan	167.6	115.9	246.9	3	275	7	24	118	0.24	0.0	0.0	0.9	0	0	7	0	0	nan
Pocillopora_acuta_HIv2___xfSc0000001	+	mult_exon_skip.226	0	Pocillopora_acuta_HIv2___TS.g6682.t1	10889644	10889766	10895766:10896657:10897638:10899441:10900415	10895874:10896787:10897767:10900105:10900480	10901937	10902092	0.0	0.0	0.0	0	0	5	0	0	nan	74.5	65.8	127.8	41	255	5	93	0	1.00	428.8	9.9	319.2	0	47	5	0	42	0.16	0.0	0.0	0.0	0	0	5	0	0	nan	566.2	130.2	345.3	0	662	5	309	31	0.84	68.8	21.7	44.7	0	105	5	2	44	0.29	602.3	125.3	246.2	31	480	5	205	0	1.00	0.0	0.1	0.0	0	0	5	0	0	nan	893.9	151.6	425.8	0	705	5	372	63	0.74	0.0	0.0	0.0	0	0	5	0	0	nan
Pocillopora_acuta_HIv2___xfSc0000002	+	mult_exon_skip.235	0	Pocillopora_acuta_HIv2___TS.g3988.t6	395224	395340	395582:396147:397098:397695:398362:398592:399149:399643:401180:401786	395689:396263:397205:397811:398460:398708:399259:399783:401290:401902	401987	402097	46.9	0.1	0.0	0	0	10	0	0	nan	237.3	170.5	43.0	170	1457	10	4	38	0.80	105.6	3.5	0.0	0	32	10	0	0	1.00	80.1	0.0	0.0	0	0	10	0	0	nan	155.1	170.1	54.4	118	1509	10	8	28	0.84	134.9	113.3	0.0	119	903	10	0	0	1.00	428.7	272.7	77.1	291	2323	10	0	85	0.74	110.5	111.9	0.0	75	910	10	0	0	1.00	306.3	120.1	0.0	64	995	10	0	0	1.00	155.9	82.3	0.0	99	730	10	0	0	1.00
Pocillopora_acuta_HIv2___xfSc0000005	-	mult_exon_skip.255	2	Pocillopora_acuta_HIv2___RNAseq.g6170.t1b	694861	696723	700629:704178:704818:705402:708517:708929:711008:711937	700710:704281:705132:707421:708690:710670:711238:713574	715338	715419	0.0	2.0	41.5	0	0	8	81	0	1.00	0.1	20.1	70.6	0	61	8	160	0	1.00	52.0	24.0	72.0	232	0	8	153	11	0.80	0.0	4.1	66.3	0	0	8	143	0	1.00	14.4	10.4	85.6	58	31	8	180	6	0.83	0.0	18.7	35.0	0	0	8	67	0	1.00	3.6	32.6	109.7	16	184	8	234	17	0.74	0.0	3.3	10.1	0	43	8	28	0	1.00	18.0	35.9	146.5	95	53	8	317	25	0.67	0.0	17.7	54.6	0	127	8	124	0	1.00
Pocillopora_acuta_HIv2___xfSc0000006	+	mult_exon_skip.256	2	Pocillopora_acuta_HIv2___RNAseq.g3222.t1	652366	652530	652702:657761:657983	652815:657874:658147	658833	658946	0.0	0.0	0.0	0	0	3	0	0	nan	74.8	69.1	119.9	59	78	3	68	33	0.61	0.0	1.1	1.5	0	0	3	0	0	nan	0.0	0.0	0.0	0	0	3	0	0	nan	1.1	13.8	24.1	0	10	3	23	0	1.00	0.0	0.0	0.0	0	0	3	0	0	nan	0.0	6.0	0.0	0	3	3	0	0	nan	0.0	0.0	0.0	0	0	3	0	0	nan	0.0	0.0	0.0	0	0	3	0	0	nan	0.0	0.0	0.0	0	0	3	0	0	nan
Pocillopora_acuta_HIv2___xfSc0000006	+	mult_exon_skip.260	2	Pocillopora_acuta_HIv2___RNAseq.g3546.t1	4888126	4888344	4888848:4889540:4890208	4889018:4889686:4890381	4890791	4891158	0.0	0.0	2.6	0	0	3	0	0	nan	36.3	86.9	38.9	38	201	3	120	0	1.00	15.6	0.1	4.8	0	0	3	2	32	0.02	0.0	37.2	11.4	0	106	3	59	0	1.00	25.5	17.3	9.1	23	31	3	20	0	1.00	108.7	0.0	14.5	0	0	3	0	50	0.00	83.6	164.2	54.4	167	384	3	160	12	0.94	4.2	0.6	3.6	0	2	3	0	0	nan	24.2	65.4	20.8	38	138	3	58	0	1.00	29.8	0.0	0.1	0	0	3	0	0	nan
Pocillopora_acuta_HIv2___xfSc0000006	+	mult_exon_skip.261	0	Pocillopora_acuta_HIv2___RNAseq.g3546.t1	4888126	4888344	4888848:4889540:4890208	4889018:4889686:4890381	4890794	4891158	0.0	0.0	2.6	0	0	3	0	0	nan	36.3	86.9	38.2	38	201	3	0	0	1.00	15.6	0.1	4.5	0	0	3	0	0	nan	0.0	37.2	11.0	0	106	3	0	0	1.00	25.5	17.3	9.0	23	31	3	0	16	0.46	108.7	0.0	14.2	0	0	3	0	0	nan	83.6	164.2	53.4	167	384	3	0	0	1.00	4.2	0.6	3.6	0	2	3	0	0	nan	24.2	65.4	20.5	38	138	3	27	0	1.00	29.8	0.0	0.1	0	0	3	0	0	nan
Pocillopora_acuta_HIv2___xfSc0000006	-	mult_exon_skip.264	0	Pocillopora_acuta_HIv2___TS.g9835.t1	2053749	2053828	2054154:2055134	2054241:2055192	2055638	2055735	0.0	0.0	0.0	0	0	2	0	0	nan	76.0	29.4	65.1	31	24	2	21	39	0.39	0.0	0.0	0.0	0	0	2	0	0	nan	0.0	0.0	0.0	0	0	2	0	0	nan	0.0	0.0	0.0	0	0	2	0	0	nan	0.0	0.0	0.0	0	0	2	0	0	nan	28.3	30.5	24.5	18	35	2	17	0	1.00	0.0	0.0	0.0	0	0	2	0	0	nan	0.0	0.0	0.0	0	0	2	0	0	nan	79.8	79.9	60.0	82	67	2	55	0	1.00
Pocillopora_acuta_HIv2___xfSc0000006	-	mult_exon_skip.265	0	Pocillopora_acuta_HIv2___RNAseq.g3352.t1	2589492	2589581	2590697:2590980:2591373	2590785:2591050:2591517	2592237	2592346	0.0	1.0	0.0	0	0	3	0	0	nan	125.2	84.2	69.5	115	64	3	70	3	0.95	89.7	103.0	185.6	76	0	3	173	0	1.00	0.0	0.0	2.0	0	0	3	0	0	nan	68.0	51.3	45.3	27	39	3	42	0	1.00	100.7	16.5	0.0	15	16	3	0	0	1.00	81.7	11.0	21.9	20	13	3	16	8	0.60	1.2	0.7	0.0	2	0	3	0	0	nan	23.9	2.2	18.1	0	0	3	15	6	0.38	63.7	53.5	55.0	35	36	3	70	0	1.00
Pocillopora_acuta_HIv2___xfSc0000009	+	mult_exon_skip.277	0	Pocillopora_acuta_HIv2___TS.g3180.t1	1526845	1526945	1528190:1528757:1531288	1528250:1528957:1531325	1537335	1537534	0.0	0.1	0.0	0	0	3	0	0	nan	10.2	34.8	47.1	24	42	3	0	0	1.00	0.0	0.0	0.0	0	0	3	0	0	nan	0.0	0.0	0.0	0	0	3	0	0	nan	0.0	0.0	0.0	0	0	3	0	0	nan	0.0	0.0	0.0	0	0	3	0	0	nan	17.1	38.4	12.1	30	48	3	4	3	0.87	0.0	0.0	0.0	0	0	3	0	0	nan	10.3	7.3	8.8	15	12	3	0	0	1.00	0.0	0.0	0.0	0	0	3	0	0	nan
Pocillopora_acuta_HIv2___xfSc0000012	-	mult_exon_skip.284	2	Pocillopora_acuta_HIv2___RNAseq.g1125.t1	97139	97482	99007:99806	99289:100077	100493	101059	0.0	0.0	0.0	0	0	2	0	0	nan	37.5	22.0	4.4	32	21	2	10	0	1.00	0.0	0.0	0.0	0	0	2	0	0	nan	0.1	0.0	0.0	0	0	2	0	0	nan	0.0	0.0	0.0	0	0	2	0	0	nan	92.5	27.7	0.0	77	23	2	1	0	1.00	0.0	0.0	0.0	0	0	2	0	0	nan	158.1	29.1	37.2	114	0	2	0	69	0.36	47.9	44.1	0.0	65	29	2	0	0	1.00	386.9	214.9	60.0	357	182	2	84	0	1.00
Pocillopora_acuta_HIv2___xfSc0000017	+	mult_exon_skip.296	0	Pocillopora_acuta_HIv2___RNAseq.g6749.t1	3879049	3879157	3880395:3880637	3880535:3880687	3883675	3883841	3.4	46.6	203.5	0	81	2	95	18	0.77	41.5	25.7	28.6	27	20	2	27	24	0.51	0.0	0.0	0.0	0	0	2	0	0	nan	0.0	0.0	0.0	0	0	2	0	0	nan	0.0	0.0	0.0	0	0	2	0	0	nan	0.0	0.0	0.0	0	0	2	0	0	nan	37.3	24.3	2.5	0	29	2	0	0	1.00	0.0	0.0	0.0	0	0	2	0	0	nan	31.6	34.6	6.9	0	47	2	30	0	1.00	0.0	69.4	76.1	0	70	2	63	0	1.00
Pocillopora_acuta_HIv2___xfSc0000018	-	mult_exon_skip.299	1	Pocillopora_acuta_HIv2___RNAseq.g5984.t1	1495319	1496949	1497158:1497913	1497235:1498087	1498342	1499989	0.6	0.0	0.2	0	0	2	0	0	nan	0.1	0.0	27.9	0	0	2	0	0	nan	0.0	0.0	7.4	0	0	2	0	0	nan	0.1	0.0	0.0	0	0	2	0	0	nan	0.5	0.0	11.9	0	0	2	0	0	nan	0.1	0.0	16.6	0	0	2	0	0	nan	6.0	31.2	34.4	21	31	2	27	0	1.00	1.0	0.0	6.7	0	0	2	0	0	nan	22.6	0.0	13.5	0	0	2	0	14	0.00	1.0	0.0	9.4	0	0	2	0	0	nan
Pocillopora_acuta_HIv2___xfSc0000020	+	mult_exon_skip.302	2	Pocillopora_acuta_HIv2___RNAseq.g12014.t1	2220176	2220240	2221014:2221568:2221744:2222993	2221425:2221616:2221892:2223106	2224418	2224480	0.0	0.0	0.0	0	0	4	0	0	nan	204.1	229.5	270.4	226	710	4	250	0	1.00	227.7	326.7	392.7	234	950	4	350	38	0.89	0.0	0.0	0.0	0	0	4	0	0	nan	49.4	33.5	38.6	53	69	4	43	0	1.00	0.0	0.2	27.9	0	0	4	7	0	nan	6.1	46.5	93.7	4	166	4	95	0	1.00	0.0	58.0	256.9	0	242	4	241	0	1.00	396.4	551.2	641.9	459	1674	4	637	0	1.00	175.7	246.6	282.3	218	708	4	273	0	1.00
Pocillopora_acuta_HIv2___xfSc0000021	+	mult_exon_skip.306	2	Pocillopora_acuta_HIv2___RNAseq.g16432.t3	142679	142765	143765:144349	143851:144435	145888	145962	0.0	0.0	0.0	0	0	2	0	0	nan	105.7	25.0	86.5	26	26	2	18	48	0.33	0.0	0.0	0.0	0	0	2	0	0	nan	0.0	0.0	0.0	0	0	2	0	0	nan	15.0	46.1	31.9	0	0	2	0	0	nan	0.0	0.0	0.0	0	0	2	0	0	nan	35.7	0.0	0.0	0	0	2	0	0	nan	0.0	0.0	0.0	0	0	2	0	0	nan	0.0	0.0	7.0	0	0	2	0	0	nan	49.7	24.7	43.3	48	0	2	0	0	1.00
Pocillopora_acuta_HIv2___xfSc0000021	+	mult_exon_skip.308	2	Pocillopora_acuta_HIv2___RNAseq.g16446.t1	880418	880478	884075:884466:884985	884110:884516:885023	885200	885232	0.0	0.0	0.0	0	0	3	0	0	nan	121.5	26.5	24.2	67	38	3	11	19	0.60	283.4	78.4	41.7	172	149	3	0	59	0.58	5.7	0.0	8.0	0	0	3	0	8	0.00	176.0	95.5	5.8	176	181	3	15	0	1.00	23.4	7.6	1.0	17	13	3	0	1	0.88	25.5	0.6	5.5	2	0	3	0	7	0.07	31.3	37.7	18.2	34	78	3	21	0	1.00	126.7	56.0	25.5	96	112	3	17	15	0.79	85.4	20.6	0.6	42	39	3	0	1	0.95
Pocillopora_acuta_HIv2___xfSc0000034	+	mult_exon_skip.325	2	Pocillopora_acuta_HIv2___RNAseq.g14951.t1	76234	76676	77019:78314:78938	77178:78352:79380	80063	80222	0.0	0.0	0.0	0	0	3	0	0	nan	7.4	0.0	0.0	0	0	3	0	0	nan	180.6	54.5	10.8	177	156	3	11	0	1.00	0.0	0.0	0.0	0	0	3	0	0	nan	24.9	1.8	0.0	0	0	3	0	0	nan	0.0	0.0	0.0	0	0	3	0	0	nan	0.5	2.6	13.2	0	1	3	9	4	0.38	0.0	0.0	0.0	0	0	3	0	0	nan	8.7	8.5	12.1	0	0	3	17	0	1.00	0.0	0.0	0.0	0	0	3	0	0	nan
Pocillopora_acuta_HIv2___xfSc0000034	+	mult_exon_skip.327	0	Pocillopora_acuta_HIv2___RNAseq.g14951.t1	78938	79380	80063:81102:81418:83582:84929:86228	80222:81275:81591:83755:84955:86670	87352	87511	0.0	0.0	0.0	0	0	6	0	0	nan	0.0	0.9	0.0	0	0	6	0	0	nan	17.8	15.7	6.7	11	0	6	16	14	0.22	0.0	0.0	0.0	0	0	6	0	0	nan	2.6	8.5	2.0	0	1	6	11	0	1.00	0.0	0.0	0.0	0	0	6	0	0	nan	3.5	8.6	6.4	9	0	6	19	0	1.00	0.0	0.0	0.0	0	0	6	0	0	nan	12.3	38.5	9.0	17	98	6	17	12	0.61	0.0	0.0	0.0	0	0	6	0	0	nan
Pocillopora_acuta_HIv2___xfSc0000038	+	mult_exon_skip.339	2	Pocillopora_acuta_HIv2___RNAseq.g5768.t1	549506	549759	550173:550658	550338:550911	551325	551490	0.0	0.0	0.0	0	0	2	0	0	nan	0.0	0.5	0.0	0	0	2	0	0	nan	0.0	0.0	0.0	0	0	2	0	0	nan	0.0	0.0	0.0	0	0	2	0	0	nan	2.7	9.0	3.7	0	6	2	0	1	nan	0.0	0.0	0.0	0	0	2	0	0	nan	4.2	5.8	5.8	5	2	2	5	6	0.40	0.6	0.3	0.0	0	0	2	0	0	nan	22.6	19.3	17.8	16	14	2	15	9	0.62	0.0	0.0	0.0	0	0	2	0	0	nan
Pocillopora_acuta_HIv2___xfSc0000038	+	mult_exon_skip.340	0	Pocillopora_acuta_HIv2___RNAseq.g5768.t1	549506	549759	550173:550658	550338:550911	552477	552642	0.0	0.0	0.0	0	0	2	0	0	nan	0.0	0.5	0.0	0	0	2	0	0	nan	0.0	0.0	0.0	0	0	2	0	0	nan	0.0	0.0	0.0	0	0	2	0	0	nan	2.7	9.0	1.5	0	6	2	0	1	nan	0.0	0.0	0.0	0	0	2	0	0	nan	4.2	5.8	23.4	5	2	2	13	0	1.00	0.6	0.3	0.0	0	0	2	0	0	nan	22.6	19.3	60.5	16	14	2	0	43	0.19	0.0	0.0	0.0	0	0	2	0	0	nan
Pocillopora_acuta_HIv2___xfSc0000038	+	mult_exon_skip.341	0	Pocillopora_acuta_HIv2___RNAseq.g5768.t1	550173	550338	550658:552477	550911:552642	552962	553215	0.0	0.0	0.0	0	0	2	0	0	nan	0.2	0.4	0.2	0	0	2	0	0	nan	0.0	0.0	0.0	0	0	2	0	0	nan	0.0	0.0	0.0	0	0	2	0	0	nan	11.4	5.1	9.0	6	0	2	0	8	0.20	0.0	0.0	0.4	0	0	2	0	0	nan	5.6	12.8	10.9	2	13	2	10	7	0.54	0.0	0.3	0.3	0	0	2	0	0	nan	22.1	34.4	14.9	14	0	2	0	19	0.20	0.0	0.0	0.0	0	0	2	0	0	nan
Pocillopora_acuta_HIv2___xpSc0000387	-	mult_exon_skip.350	2	Pocillopora_acuta_HIv2___RNAseq.g1513.t1	823101	823372	824341:825221	824455:825317	826259	826342	0.0	0.0	0.0	0	0	2	0	0	nan	141.1	200.0	205.5	198	181	2	186	0	1.00	7.0	0.0	0.0	0	0	2	0	0	nan	0.0	0.0	0.0	0	0	2	0	0	nan	125.5	191.3	219.7	188	179	2	211	0	1.00	11.9	0.0	68.2	0	0	2	0	54	0.00	50.1	65.6	39.7	80	31	2	23	0	1.00	36.7	1.0	0.0	5	0	2	0	0	nan	71.6	99.7	100.2	97	112	2	94	0	1.00	13.6	67.4	73.9	60	54	2	62	0	1.00
Pocillopora_acuta_HIv2___xpSc0000388	+	mult_exon_skip.356	0	Pocillopora_acuta_HIv2___RNAseq.g19739.t1	2588904	2589063	2590526:2591507:2592300:2592822:2594665:2595523:2596436:2597226:2597729:2598245	2590702:2591787:2592409:2593091:2594738:2595705:2596609:2597372:2597809:2598425	2599073	2599133	0.0	0.0	0.0	0	0	10	0	0	nan	22.2	57.7	61.2	26	518	10	68	0	1.00	8.2	0.7	33.5	0	0	10	27	9	0.21	0.0	0.0	0.0	0	0	10	0	0	nan	0.0	0.0	0.0	0	0	10	0	0	nan	0.0	11.9	0.0	0	0	10	0	0	nan	0.0	10.7	22.4	0	73	10	26	0	1.00	0.0	0.0	0.0	0	0	10	0	0	nan	0.0	12.7	47.1	0	64	10	36	0	1.00	0.0	0.0	0.0	0	0	10	0	0	nan
Pocillopora_acuta_HIv2___xpSc0000388	+	mult_exon_skip.357	2	Pocillopora_acuta_HIv2___RNAseq.g19754.t1	2882839	2882889	2883531:2883789:2884292:2884853:2885739	2883589:2883860:2884346:2884966:2885786	2885976	2886017	0.0	0.0	0.0	0	0	5	0	0	nan	9.6	13.6	12.6	15	51	5	14	0	1.00	0.0	0.0	0.0	0	0	5	0	0	nan	0.0	0.0	0.0	0	0	5	0	0	nan	7.0	28.1	27.7	9	111	5	30	0	1.00	0.0	0.0	0.0	0	0	5	0	0	nan	0.0	0.0	0.0	0	0	5	0	0	nan	18.2	34.8	42.5	29	141	5	36	0	1.00	5.6	6.9	45.5	0	21	5	18	16	0.29	0.0	0.0	0.0	0	0	5	0	0	nan
Pocillopora_acuta_HIv2___xpSc0000394	+	mult_exon_skip.364	0	Pocillopora_acuta_HIv2___TS.g31406.t3	384453	384544	386122:387425	386188:387514	387631	387699	0.0	0.0	0.0	0	0	2	0	0	nan	95.2	76.8	97.8	27	75	2	80	33	0.65	0.0	0.0	0.0	0	0	2	0	0	nan	0.0	0.0	0.0	0	0	2	0	0	nan	28.8	46.9	68.3	0	39	2	68	0	1.00	41.4	80.8	80.1	0	63	2	86	0	1.00	0.0	0.0	0.3	0	0	2	0	0	nan	46.4	29.0	48.7	0	23	2	36	0	1.00	42.4	37.2	28.8	30	33	2	29	0	1.00	0.0	0.0	0.0	0	0	2	0	0	nan
Pocillopora_acuta_HIv2___xpSc0000394	+	mult_exon_skip.365	2	Pocillopora_acuta_HIv2___RNAseq.g21098.t1	654284	654518	655228:656018	655442:656316	657063	657134	0.0	0.0	0.0	0	0	2	0	0	nan	63.1	56.3	72.2	59	42	2	72	11	0.84	0.0	54.8	92.5	0	45	2	106	0	1.00	0.0	0.0	0.0	0	0	2	0	0	nan	23.8	43.5	59.7	34	28	2	61	0	1.00	2.4	0.0	0.0	0	0	2	0	0	nan	15.4	10.8	45.8	8	5	2	31	12	0.55	0.0	0.0	2.5	0	0	2	0	0	nan	40.4	57.1	40.0	54	40	2	50	0	1.00	9.7	33.5	57.6	0	11	2	69	0	1.00
Pocillopora_acuta_HIv2___xpSc0000395	+	mult_exon_skip.367	0	Pocillopora_acuta_HIv2___TS.g16386.t1	885123	885322	886877:888086:888901:890163:892205	886899:888243:889173:890214:892286	894088	894226	0.0	0.0	0.0	0	0	5	0	0	nan	31.3	123.7	22.7	101	304	5	22	0	1.00	0.0	0.3	0.0	0	0	5	0	0	nan	0.0	34.3	0.0	0	142	5	0	0	1.00	0.0	9.3	56.4	0	0	5	63	0	1.00	0.0	25.5	0.0	0	98	5	0	0	1.00	34.7	33.2	103.3	34	57	5	37	40	0.35	0.0	0.0	22.3	0	0	5	0	0	nan	16.9	9.9	124.8	0	12	5	32	52	0.12	0.0	0.0	1.1	0	0	5	0	0	nan
Pocillopora_acuta_HIv2___xpSc0000395	+	mult_exon_skip.369	0	Pocillopora_acuta_HIv2___RNAseq.g9631.t1	902207	902406	904093:904871:906126:907702:908936	904261:905140:906177:908555:908952	910742	910889	0.0	0.0	0.0	0	0	5	0	0	nan	4.9	23.1	877.5	6	78	5	738	0	1.00	1.6	1.6	15.3	0	0	5	50	3	0.74	0.0	0.1	0.0	0	0	5	0	0	nan	2.6	1.4	218.1	0	0	5	122	0	1.00	0.0	22.3	2.1	0	96	5	0	0	1.00	0.3	7.7	344.8	0	23	5	334	0	1.00	0.0	0.0	0.0	0	0	5	0	0	nan	1.8	9.2	638.1	0	0	5	418	17	0.80	0.0	0.0	0.0	0	0	5	0	0	nan
