# Position (bp)	A	C	G	T	N
0.0	39.0050873021283	9.019173841194375	14.266682638249604	37.70886594922492	1.902692027952035E-4
1.0	36.34923531634654	13.176258109604328	13.291900422033637	37.13820724717194	0.044398904843559
2.0	35.988890263974525	14.760704214446296	13.156619018846246	36.09098210013521	0.0028044025977206084
3.0	36.363306964779355	13.78479692816163	13.373873358142232	36.47521834631907	0.0028044025977206084
4.0	35.48698492472289	13.775217287429593	13.375759505022113	37.360813941868294	0.0012243409571169616
5.0	35.85652080684731	13.191918092251775	13.301910236615472	37.644455687791734	0.005195176493712513
6.0	36.65325241211714	12.96780578908113	12.80707794816339	37.558735275645475	0.013128574992869041
7.0	36.88302315592743	12.726809162305916	12.720191103078257	37.66910795841476	8.686202736302768E-4
8.0	37.114828952950226	12.718205685309961	12.628928066328838	37.536142875957054	0.001894419453917461
9.0	37.0548114283294	12.66103392615702	12.686662360516129	37.59553168495126	0.001960600046194053
10.0	37.05042696409107	12.957829064795432	12.596805661352587	37.38755090114804	0.007387408612874641
11.0	37.01728703250857	12.77818184706062	12.699426942251476	37.50441755453446	6.866236448696474E-4
12.0	37.31057459975632	12.648310707291843	12.717527334239126	37.32211484053455	0.0014725181781541836
13.0	36.99074861500565	12.730349823992714	12.739697832651784	37.533462561969856	0.005741166379994401
14.0	37.08892752364798	12.890606128190484	12.556369319471589	37.46086245224243	0.0032345764475184596
15.0	37.09365116342172	12.570829778884024	12.714458209272298	37.617619457623576	0.003441390798382811
16.0	37.27678940739912	12.642346181412917	12.643140348520236	37.43313278407854	0.004591278589188607
17.0	37.06047814154308	12.640476579681101	12.721613985812205	37.57463516293993	0.002796130023686034
18.0	37.32916307361201	12.608271448964507	12.597690826774285	37.45785950786788	0.007015142781318808
19.0	37.14041602443917	12.618603893933688	12.630979664689413	37.600462139075866	0.009538277861863897
20.0	37.28715494266444	12.638896518040498	12.668313791307446	37.398710603520676	0.006924144466938493
21.0	37.325936769738526	12.399231775684854	12.767063507558154	37.50545162628878	0.0023163207296807383
22.0	37.34148920892353	12.692221530267364	12.547302578329694	37.41712535332164	0.0018613291577791644
23.0	37.23692387312651	12.574618617791858	12.571541220250996	37.615931852520525	9.844363101143138E-4
24.0	37.51245022392203	12.41899495505345	12.607262194932286	37.46045709611474	8.355299774919806E-4
25.0	37.237337501828236	12.470516546140779	12.659569680552899	37.62979668660247	0.0027795848756168857
26.0	37.301962850186335	12.637672177083381	12.547079218830762	37.51053098674601	0.0027547671535131635
27.0	37.22780749654041	12.41919349683028	12.685049208579388	37.66712254064647	8.272574034574066E-4
28.0	37.443051600345996	12.486209619084365	12.643727701276688	37.423586233642645	0.0034248456503136633
29.0	37.130604751634166	12.492736679997645	12.709809022664867	37.665559024153936	0.001290521549393554
30.0	37.391761641331634	12.52157487308217	12.534968170444143	37.547517665254595	0.004177649887459903
31.0	37.25129333422457	12.480336091519817	12.643537432073895	37.62185501552928	0.0029781266524466637
32.0	37.440958639115244	12.511904234035754	12.585546688091531	37.44981856590627	0.011771872851198895
33.0	37.353939432845564	12.4015398238405	12.666626186204391	37.574891612735	0.0030029443745503855
34.0	37.36432151325895	12.607593097893671	12.547327396051799	37.47905384254446	0.0017041502511222573
35.0	37.20891293744544	12.52602551791277	12.576024955377735	37.68600055459336	0.003036034670688682
36.0	37.43536637906787	12.415082027535098	12.628051173481172	37.51814175485782	0.00335866505803707
37.0	37.264372273773226	12.428533232915315	12.68628182211054	37.61745400614288	0.00335866505803707
38.0	37.41983048503094	12.595374506044605	12.50027299494314	37.47969083074512	0.004831183236191254
39.0	37.28536806667297	12.47290732003677	12.60363053493111	37.635546125556495	0.002547952802648812
40.0	37.40456397634357	12.509173794758311	12.65670778436115	37.427832676605796	0.001721767931178287
41.0	37.2853399114842	12.462550004766795	12.62342833434895	37.62634597794651	0.002335771453543121
42.0	37.48656285830651	12.476289712814404	12.502206716407644	37.53286039014912	0.002080322322322654
43.0	37.226664446199734	12.515670713158025	12.556815147123073	37.69793864810055	0.0029110454186116485
44.0	37.43763961945001	12.536957296428017	12.502259388974913	37.51856267507671	0.004581020070345215
45.0	37.360311262849876	12.266159864428298	12.600986826070432	37.770432769660886	0.00210927699050352
46.0	37.27019595359243	12.561390003547352	12.64515869559491	37.51769625045152	0.00555909681378995
47.0	37.301950587208346	12.483285842300836	12.528170127238383	37.68557070019069	0.0010227430617484865
48.0	37.58151235375036	12.342234858586004	12.572004156565292	37.50085388644596	0.0033947446523827237
49.0	37.316610613617286	12.380258314165618	12.685296028206974	37.61451299122462	0.0033220527855037938
50.0	37.46644763030999	12.54446641880389	12.536884903770579	37.448676892325324	0.003524154790209481
51.0	37.4359591695965	12.36745929251988	12.607662165700717	37.584342570830174	0.004576801352732413
52.0	37.52827279086836	12.327595828848866	12.655724538388347	37.48592095514109	0.002485886753343476
53.0	37.348558931370036	12.342417355846184	12.650460252966965	37.654423165613856	0.004140294202962063
54.0	37.54992323421787	12.38800343898676	12.548684941720067	37.501594327693205	0.011794057382098475
55.0	37.39005023361557	12.386130172766862	12.675027791476165	37.54299947342466	0.00579232871674426
56.0	37.551018018413615	12.45827870515	12.619756478536612	37.36589486714635	0.005051930753419358
57.0	37.47310889243373	12.356575877075727	12.757621874408336	37.40190426958219	0.010789086500015317
58.0	37.5558793334754	12.599311254337328	12.711413355956463	37.132089329200056	0.0013067270307543233
59.0	37.34759241022525	12.466750559368505	12.71152143203702	37.473029099903734	0.0011064984654878098
60.0	37.60005952755956	12.427787390979042	12.708236354275886	37.263295949366004	6.207778195078423E-4
61.0	37.34920338146775	12.37913119957512	12.72996187860476	37.54098992381849	7.136165338738238E-4
62.0	37.49629464573788	12.447511682368631	12.630762876148072	37.424935068077694	4.957276677206342E-4
63.0	37.54729931208187	12.258567274215844	12.682059990470762	37.511047508111034	0.0010259151204920491
64.0	37.73162099029916	12.3209502805302	12.74951575770506	37.18655121438247	0.011361757083108728
65.0	37.46879892639583	12.38152268062087	12.686792645454304	37.461293737834076	0.0015920096949178753
66.0	37.6908386247403	12.358847220935381	12.450985442262198	37.497103028977634	0.002225683084479764
67.0	37.46422018503448	12.267771355137683	12.554980232134774	37.71170347906833	0.0013247486247295129
68.0	37.44071394597165	12.322707673473358	12.57127838974348	37.661947203995375	0.0033527868161328336
69.0	37.297276005549726	12.199372232469752	12.708573285274477	37.787052679287946	0.007725797418095981
70.0	37.39678046246481	12.35688523660902	12.626291169580304	37.60710711176501	0.012936019580852661
71.0	37.295827992189004	12.386777408485948	12.59771044334469	37.714179640456905	0.005504515523453597
72.0	37.677669016076514	12.300397714803418	12.497597936178977	37.519927487552714	0.004407845388380766
73.0	37.50081666502344	12.40703806583856	12.476274290163246	37.609176446990425	0.0066945319843356435
74.0	37.591126245309916	12.534721231319502	12.265079614220621	37.58596222656181	0.02311068258815184
75.0	37.56292654226886	12.306650467235688	12.28708701866137	37.8011057897095	0.04223018212456841
76.0	37.58938743425999	12.4273534272467	12.409182741269689	37.57265508361324	0.001421313610379981
77.0	37.3665531969129	12.49288187161367	12.394821239983928	37.741381654704576	0.0043620367849198935
78.0	37.65528855473726	12.553204173283032	12.2537504000947	37.53057584895767	0.007181022927334615
79.0	37.532196556235256	12.646381260330026	12.247997301418675	37.56947194873037	0.003952933285670463
80.0	37.69526737798575	12.663795282189891	12.20607917216059	37.420832582980225	0.014025584683548706
81.0	37.62205306535966	12.517472823854769	12.320300306672873	37.53863359437036	0.0015402097423400235
82.0	37.69049860461435	12.633112475442507	12.209095479810577	37.465648635235986	0.001644804896584177
83.0	37.413055772784496	12.555622091745725	12.162851775798693	37.866403373184724	0.002066986486368267
84.0	37.51830993631375	12.439886007202988	12.348841864059922	37.69116758467865	0.0017946077446855354
85.0	37.35028482645243	12.596186902685663	12.29336295004604	37.75156847333142	0.00859684748444637
86.0	37.35605229152194	12.758093654676644	12.128459743703338	37.75577613433476	0.0016181757633249242
87.0	37.432831607098166	12.543986076131763	12.24287449696958	37.77981659598789	4.912238126000114E-4
88.0	37.57420886447321	12.650885605137049	12.24931210108421	37.52516198241906	4.314468864721727E-4
89.0	37.334342368134635	12.588066265558343	12.39879016047645	37.67805816730238	7.430385281892834E-4
90.0	37.44857750674841	12.576566560147176	12.30046195356207	37.673200144609744	0.0011938349325963393
91.0	37.40748719539887	12.60880197060362	12.264109185313886	37.71773062509599	0.001871023587630559
92.0	37.420261370447115	12.602619602523326	12.329288252554594	37.64207150000477	0.005759274470194454
93.0	37.5218416561356	12.459172019055808	12.252346148668309	37.756287157305955	0.010353018834329986
94.0	37.625366312201756	12.587684882532221	12.1459619858083	37.635072596220496	0.005914223237226625
95.0	37.56266072617247	12.522547497259376	12.17765603225188	37.72757284460471	0.009562899711571449
96.0	37.81520476404776	12.366900752493486	12.202587154235	37.605739812382474	0.009567516841271669
97.0	37.558521224850416	12.464090737113278	12.221909550056019	37.75390639328988	0.0015720946904073927
98.0	37.60863872582572	12.591378101861384	12.078369792447447	37.71776505225242	0.0038483276130275687
99.0	37.57206791549497	12.39113992625802	12.240467695293836	37.79339019964815	0.002934263305022802
100.0	37.75256743910816	12.420162395781187	12.260489380292737	37.56256155060103	0.004219234216884252
101.0	37.57764610830137	12.38981036731532	12.283162132462202	37.74500653022779	0.004374861693315695
102.0	37.78648530775882	12.38691499667822	12.133780554231663	37.69197450935901	8.446319722939597E-4
103.0	37.69139543171238	12.402330566201607	12.235164133291834	37.66414827248428	0.006961596309895724
104.0	37.785343453616285	12.524520927319557	12.207745762224189	37.481639644000175	7.502128397956667E-4
105.0	37.74840748171095	12.234999458095583	12.16036162793391	37.85498496369948	0.0012464685600848235
106.0	37.77060454982205	12.416350544476277	12.239267812486387	37.567384406590456	0.006392686624835003
107.0	37.67884954529484	12.378732430314104	12.209320990292918	37.73136771248352	0.0017293216146223632
108.0	37.88646613582588	12.278317532145495	12.20113334352507	37.6314447442844	0.0026382442191583257
109.0	37.70288508526129	12.328951541059995	12.224775123796249	37.74124386001566	0.002144389866805806
110.0	37.69958252275054	12.442699157362307	12.159659957212995	37.69479612531769	0.003262237356468241
111.0	37.74316922570049	12.298353596226383	12.185039730389608	37.76875881986078	0.004678627822746078
112.0	37.81254181595185	12.34583107035241	12.241411942671627	37.59555504034725	0.004660130676862067
113.0	37.701456617556595	12.360599650556589	12.222275686819206	37.71298884152045	0.0026792035471579698
114.0	37.8053566789359	12.342549235092303	12.152738440833236	37.6967971852273	0.002558459911267224
115.0	37.78121563219846	12.2859865171191	12.188214225198433	37.74154369956466	0.00303992591934375
116.0	37.77552085529733	12.364634210955993	12.191697600982113	37.666570430579	0.0015769021855684077
117.0	37.73126070964911	12.271149807790575	12.220447688160297	37.77161656341467	0.005525230985350915
118.0	37.74639669873018	12.439136908261677	12.147525947206459	37.657451646926226	0.009488798875455218
119.0	37.67160192857053	12.391972887554644	12.138471197195946	37.794727436740814	0.0032265499380656486
120.0	37.93048268842193	12.210842895881692	12.207355505567609	37.64834009756883	0.002978812559945197
121.0	37.81909503105771	12.376489910976636	12.162895356049773	37.6391445078962	0.002375194019680075
122.0	37.77368666649218	12.462197168117285	12.10710155657888	37.65523634937381	0.001778259437838388
123.0	37.80530300254049	12.42985178618118	12.119598986215689	37.64217559144196	0.0030706336206782316
124.0	37.791146933291834	12.348748669574453	12.204452278651122	37.65299607574264	0.002656042739940719
125.0	37.72237037300861	12.267408339560806	12.203905091743284	37.804994358785635	0.0013218369016657072
126.0	37.84649615754613	12.253668566364674	12.133106561944066	37.76598348197495	7.452321701823224E-4
127.0	37.74301476497664	12.311573846047299	12.19746294600334	37.745762869729596	0.002185573243124182
128.0	37.79857240400728	12.36307964602097	12.200877617608256	37.63650902560746	9.613067560361515E-4
129.0	37.69863657450753	12.33707675488926	12.182058019868453	37.77191630526359	0.010312345471170879
130.0	37.76221230003	12.39545085960511	12.187583306319251	37.64729486094637	0.007458673099269088
131.0	37.77347735907774	12.345239401114032	12.20819692250847	37.6683652099645	0.004721107335259893
132.0	37.86827115601052	12.274886799258846	12.259119353125818	37.59307367551585	0.004649016088956403
133.0	37.79959311277339	12.295521011540702	12.293330929859078	37.60879394541624	0.002761000410593519
134.0	37.75284530292638	12.420928877069231	12.154695665972946	37.6653177329618	0.006212421069641897
135.0	37.78500411821735	12.309343662579627	12.27158196664004	37.62960057761374	0.00446967494924096
136.0	37.81564955413149	12.334785009970625	12.403290886425467	37.43938621754239	0.0068883319300322874
137.0	37.70059105736519	12.30920800924888	12.356069407484368	37.632740446430525	0.0013910794710453433
138.0	37.74169776161903	12.359920846450922	12.303995492560752	37.59304756350736	0.0013383358619338554
139.0	37.743841127271104	12.320525589637878	12.339891302557463	37.58985800286182	0.005883977671732886
140.0	37.7967314091649	12.334817036146905	12.395392838664058	37.46854084238954	0.004517873634596863
141.0	37.87573074294743	12.22189650524638	12.344827777867753	37.55577211102645	0.0017728629119857895
142.0	37.894063541025425	12.435491826824917	12.2896863571531	37.379075275379606	0.0016829996169492871
143.0	37.80840471925806	12.437193243929425	12.346008247395208	37.39360181412184	0.014791975295470189
144.0	37.90605888026553	12.515303644384481	12.576610376028524	36.99860284674704	0.0034242525744219584
145.0	37.81929746041864	12.841790225981889	12.802822613904857	36.532634154936275	0.0034555447583339395
146.0	37.65619614765915	12.973847564222702	13.176338532693332	36.191624617542004	0.0019931378828119783
147.0	36.70601159198906	12.902331771943649	13.087223111145486	37.29854205842401	0.005891466497798103
148.0	37.04400874285616	12.790742070575709	12.886277492061815	37.26953635560558	0.009435338900741176
149.0	38.52517153598158	12.574598679172377	10.274263125015121	38.586953203975824	0.039013455855104635
150.0	38.41326399452031	13.70681092419391	7.250290169096628	40.62963491218915	0.0
