NV2t006849001.1	Pocillopora_acuta_HIv2___RNAseq.29672_t	77.895	95	21	0	825	1109	54	148	6.66e-36	140
NV2t006849001.1	Pocillopora_acuta_HIv2___RNAseq.29673_t	54.255	94	42	1	867	1145	90	183	8.38e-23	100
NV2t006849001.1	Pocillopora_acuta_HIv2___RNAseq.g23175.t1	64.706	68	24	0	873	1076	92	159	7.26e-22	98.2
NV2t030001001.1	Pocillopora_acuta_HIv2___RNAseq.g3638.t1	62.264	106	37	2	356	673	119	221	8.08e-36	127
NV2t003591001.1	Pocillopora_acuta_HIv2___RNAseq.g4549.t1	34.909	1587	917	38	5437	10044	193	1714	0.0	852
NV2t003591001.1	Pocillopora_acuta_HIv2___RNAseq.g23923.t1	34.950	1402	814	31	5437	9558	193	1524	0.0	778
NV2t003591001.1	Pocillopora_acuta_HIv2___RNAseq.g12801.t1a	45.526	760	377	11	7861	10044	17	771	0.0	650
NV2t003591002.1	Pocillopora_acuta_HIv2___RNAseq.g3831.t1	47.807	228	103	7	297	953	1	221	1.51e-38	137
NV2t003591002.1	Pocillopora_acuta_HIv2___RNAseq.g3830.t1	64.516	124	42	2	297	668	1	122	4.87e-32	120
NV2t003591002.1	Pocillopora_acuta_HIv2___RNAseq.g3833.t1	50.400	125	61	1	273	647	13	136	9.58e-30	114
NV2t003591003.1	Pocillopora_acuta_HIv2___RNAseq.g3831.t1	45.652	184	84	7	192	716	45	221	2.90e-29	111
NV2t003591003.1	Pocillopora_acuta_HIv2___RNAseq.g3832.t1	63.636	88	29	1	192	446	43	130	7.64e-27	104
NV2t003591003.1	Pocillopora_acuta_HIv2___RNAseq.g3830.t1	71.250	80	22	1	192	431	44	122	1.78e-26	104
NV2t003592001.1	Pocillopora_acuta_HIv2___RNAseq.g3835.t1	38.321	274	100	8	140	787	7	269	2.15e-40	143
NV2t003592001.1	Pocillopora_acuta_HIv2___RNAseq.g3832.t1	65.138	109	35	1	146	472	12	117	3.42e-40	140
NV2t003592001.1	Pocillopora_acuta_HIv2___RNAseq.g3829.t1	54.762	126	51	4	137	511	5	125	1.07e-31	119
NV2t003593001.1	Pocillopora_acuta_HIv2___RNAseq.12993_t	71.264	87	25	0	403	663	43	129	3.27e-38	140
NV2t003593001.1	Pocillopora_acuta_HIv2___RNAseq.g3835.t1	48.795	166	67	5	304	786	4	156	1.70e-36	137
NV2t003593001.1	Pocillopora_acuta_HIv2___RNAseq.g3832.t1	58.252	103	43	0	355	663	16	118	2.81e-34	129
NV2t025278001.1	Pocillopora_acuta_HIv2___TS.g15143.t1	44.444	216	105	5	470	1105	4	208	1.72e-49	168
NV2t025278001.1	Pocillopora_acuta_HIv2___RNAseq.g12537.t1	60.630	127	40	4	725	1090	71	192	1.85e-41	147
NV2t025278001.1	Pocillopora_acuta_HIv2___RNAseq.g12535.t1	48.101	158	68	5	659	1093	35	191	8.06e-40	142
NV2t014640001.1	Pocillopora_acuta_HIv2___RNAseq.g3322.t1	56.746	252	91	10	37	744	9	258	1.03e-77	242
NV2t017442001.1	Pocillopora_acuta_HIv2___RNAseq.g1763.t1	53.815	249	90	9	434	1111	100	346	3.04e-66	219
NV2t017442001.1	Pocillopora_acuta_HIv2___RNAseq.g23175.t1	40.417	240	101	11	437	1093	99	317	1.41e-30	122
NV2t017442001.1	Pocillopora_acuta_HIv2___TS.g24486.t2	36.652	221	121	4	437	1093	54	257	2.85e-26	108
NV2t017667001.1	Pocillopora_acuta_HIv2___RNAseq.g10177.t1	56.566	198	82	2	192	782	11	205	8.76e-64	215
NV2t017961001.1	Pocillopora_acuta_HIv2___RNAseq.g24142.t1	60.082	243	85	9	288	995	25	262	1.15e-83	272
NV2t017961001.1	Pocillopora_acuta_HIv2___RNAseq.g26215.t1	42.568	148	64	6	369	806	35	163	9.23e-23	97.8
NV2t018403001.1	Pocillopora_acuta_HIv2___RNAseq.g21753.t1	56.710	231	88	7	217	891	1	225	1.46e-62	207
NV2t018723001.1	Pocillopora_acuta_HIv2___RNAseq.g10179.t1	60.181	221	79	5	370	1026	2	215	3.57e-47	166
NV2t010728001.1	Pocillopora_acuta_HIv2___RNAseq.g614.t1	62.585	294	90	5	101	964	1	280	1.60e-122	367
NV2t010728001.1	Pocillopora_acuta_HIv2___RNAseq.g616.t1	62.189	201	70	1	146	748	4	198	2.06e-83	265
NV2t010728001.1	Pocillopora_acuta_HIv2___RNAseq.g617.t1	55.155	194	85	1	95	670	67	260	2.57e-67	226
NV2t011132001.1	Pocillopora_acuta_HIv2___RNAseq.g940.t1	57.944	214	78	3	473	1114	1	202	2.39e-79	244
NV2t011132001.1	Pocillopora_acuta_HIv2___RNAseq.18045_t	39.147	258	109	10	464	1114	7	257	3.20e-38	139
NV2t011132001.1	Pocillopora_acuta_HIv2___RNAseq.g942.t1	39.888	178	80	4	473	955	1	168	8.26e-31	119
NV2t011134001.1	Pocillopora_acuta_HIv2___RNAseq.18045_t	56.000	250	76	5	919	1566	10	259	2.81e-64	219
NV2t011134001.1	Pocillopora_acuta_HIv2___RNAseq.g940.t1	43.498	223	96	8	919	1560	1	202	2.04e-38	142
NV2t011134001.1	Pocillopora_acuta_HIv2___RNAseq.g942.t1	43.852	244	104	7	919	1566	1	239	2.27e-36	138
NV2t011262001.1	Pocillopora_acuta_HIv2___TS.g4502.t1	45.033	151	70	6	387	824	87	229	5.61e-28	111
NV2t011262001.1	Pocillopora_acuta_HIv2___RNAseq.g938.t1	49.074	108	41	2	366	689	73	166	1.39e-23	98.6
NV2t011262001.1	Pocillopora_acuta_HIv2___RNAseq.g942.t1	71.186	59	17	0	498	674	103	161	2.01e-22	95.5
NV2t011327001.1	Pocillopora_acuta_HIv2___RNAseq.g26218.t1	57.592	191	67	4	116	658	2	188	3.06e-61	198
NV2t011327001.1	Pocillopora_acuta_HIv2___TS.g25075.t1	58.451	142	48	3	233	637	27	164	1.13e-45	157
NV2t011327001.1	Pocillopora_acuta_HIv2___TS.g25076.t1	46.853	143	56	4	248	619	44	185	2.77e-33	124
NV2t011380001.1	Pocillopora_acuta_HIv2___RNAseq.g31138.t1	63.710	124	42	3	354	722	92	213	6.95e-41	149
NV2t011935001.1	Pocillopora_acuta_HIv2___RNAseq.g31137.t1	43.694	222	89	8	134	745	7	210	1.86e-38	140
NV2t012004001.1	Pocillopora_acuta_HIv2___RNAseq.g26215.t1	62.745	102	36	1	407	706	77	178	1.64e-39	140
NV2t012004001.1	Pocillopora_acuta_HIv2___RNAseq.g26218.t1	57.471	87	36	1	422	679	52	138	8.23e-24	98.6
NV2t012004001.1	Pocillopora_acuta_HIv2___TS.g25075.t1	46.018	113	53	3	347	664	17	128	3.97e-22	93.6
NV2t012007001.1	Pocillopora_acuta_HIv2___RNAseq.g26215.t1	65.049	103	29	2	190	483	104	204	1.48e-32	123
NV2t012007001.1	Pocillopora_acuta_HIv2___RNAseq.g24142.t1	51.456	103	48	1	178	486	136	236	1.56e-22	97.1
NV2t012007001.1	Pocillopora_acuta_HIv2___RNAseq.g26218.t1	60.870	69	27	0	172	378	67	135	4.03e-21	91.7
NV2t012008001.1	Pocillopora_acuta_HIv2___RNAseq.g26215.t1	76.344	93	21	1	122	397	74	166	1.47e-42	145
NV2t012008001.1	Pocillopora_acuta_HIv2___RNAseq.g26218.t1	57.143	84	36	0	146	397	52	135	7.18e-26	101
NV2t012008001.1	Pocillopora_acuta_HIv2___TS.g25075.t1	45.736	129	55	4	38	391	4	128	5.07e-24	96.7
NV2t012247001.1	Pocillopora_acuta_HIv2___RNAseq.g945.t1	64.539	141	38	2	3705	4127	26	154	1.45e-48	171
NV2t012247001.1	Pocillopora_acuta_HIv2___RNAseq.g945.t1	50.685	146	54	4	1516	1926	23	159	2.78e-34	130
NV2t012247001.1	Pocillopora_acuta_HIv2___RNAseq.g946.t1	50.286	175	73	6	1516	1998	27	201	8.15e-36	137
NV2t012247001.1	Pocillopora_acuta_HIv2___RNAseq.g946.t1	58.427	89	37	0	3864	4130	82	170	2.57e-28	115
NV2t012247001.1	Pocillopora_acuta_HIv2___RNAseq.g944.t1	41.096	146	70	2	3678	4100	3	137	2.83e-26	109
NV2t012247001.1	Pocillopora_acuta_HIv2___RNAseq.g944.t1	42.857	133	64	3	1519	1890	10	139	3.51e-21	95.1
NV2t012247002.1	Pocillopora_acuta_HIv2___RNAseq.g946.t1	50.286	175	73	6	1248	1730	27	201	4.14e-36	137
NV2t012247002.1	Pocillopora_acuta_HIv2___RNAseq.g945.t1	50.685	146	54	4	1248	1658	23	159	1.46e-34	130
NV2t012247002.1	Pocillopora_acuta_HIv2___RNAseq.g944.t1	42.857	133	64	3	1251	1622	10	139	1.77e-21	95.1
NV2t012279001.1	Pocillopora_acuta_HIv2___RNAseq.g24142.t1	82.759	58	10	0	451	624	144	201	9.79e-25	103
NV2t012279001.1	Pocillopora_acuta_HIv2___RNAseq.g26215.t1	71.186	59	17	0	451	627	108	166	2.42e-21	92.4
NV2t012793001.1	Pocillopora_acuta_HIv2___RNAseq.g9589.t2	63.704	135	42	3	438	839	1	129	3.64e-43	155
NV2t012793001.1	Pocillopora_acuta_HIv2___RNAseq.g9588.t1	72.816	103	27	1	438	746	1	102	2.17e-41	149
NV2t012793001.1	Pocillopora_acuta_HIv2___RNAseq.g9587.t1	65.789	114	22	4	435	743	35	142	9.89e-38	140
NV2t012795001.1	Pocillopora_acuta_HIv2___RNAseq.g9588.t1	71.333	150	37	3	418	867	1	144	1.46e-59	194
NV2t012795001.1	Pocillopora_acuta_HIv2___RNAseq.g9587.t1	65.385	104	29	3	418	711	36	138	2.23e-33	127
NV2t012795001.1	Pocillopora_acuta_HIv2___RNAseq.g9590.t1	85.075	67	10	0	514	714	29	95	1.56e-32	124
NV2t012799001.1	Pocillopora_acuta_HIv2___RNAseq.g9587.t1	56.327	245	75	8	168	866	36	260	8.46e-68	223
NV2t012799001.1	Pocillopora_acuta_HIv2___RNAseq.g9588.t1	46.774	186	70	5	168	725	1	157	1.29e-41	150
NV2t012799001.1	Pocillopora_acuta_HIv2___RNAseq.g9591.t2	58.974	117	43	3	168	506	1	116	3.90e-34	129
NV2t012940001.1	Pocillopora_acuta_HIv2___RNAseq.g28769.t1	83.784	74	12	0	1840	2061	126	199	5.66e-34	129
NV2t012940001.1	Pocillopora_acuta_HIv2___RNAseq.g28767.t1	92.063	63	5	0	1843	2031	130	192	1.18e-33	129
NV2t012940001.1	Pocillopora_acuta_HIv2___RNAseq.g28766.t1	86.957	69	9	0	1846	2052	155	223	1.48e-33	129
NV2t012942001.1	Pocillopora_acuta_HIv2___RNAseq.g28768.t1	44.928	207	91	6	224	805	1	197	6.38e-41	144
NV2t012942001.1	Pocillopora_acuta_HIv2___RNAseq.g28769.t1	50.360	139	45	4	401	781	63	189	3.03e-31	118
NV2t012942001.1	Pocillopora_acuta_HIv2___RNAseq.g28767.t1	63.529	85	31	0	527	781	108	192	7.72e-30	114
NV2t012943001.1	Pocillopora_acuta_HIv2___RNAseq.g28769.t1	54.630	216	89	7	1499	2131	2	213	6.14e-55	190
NV2t012943001.1	Pocillopora_acuta_HIv2___RNAseq.g28766.t1	78.161	87	17	2	1850	2107	148	233	1.63e-33	130
NV2t012943001.1	Pocillopora_acuta_HIv2___RNAseq.g28767.t1	74.074	81	21	0	1832	2074	118	198	5.56e-33	127
NV2t012943002.1	Pocillopora_acuta_HIv2___RNAseq.g28769.t1	54.378	217	85	7	1499	2122	2	213	4.42e-54	187
NV2t012943002.1	Pocillopora_acuta_HIv2___RNAseq.g28766.t1	78.161	87	17	2	1841	2098	148	233	1.63e-33	130
NV2t012943002.1	Pocillopora_acuta_HIv2___RNAseq.g28767.t1	86.765	68	9	0	1862	2065	131	198	1.01e-32	126
