NV2t006849001.1	Pocillopora_acuta_HIv2___RNAseq.29672_t	77.895	95	21	0	825	1109	54	148	6.66e-36	140
NV2t006849001.1	Pocillopora_acuta_HIv2___RNAseq.29673_t	54.255	94	42	1	867	1145	90	183	8.38e-23	100
NV2t006849001.1	Pocillopora_acuta_HIv2___RNAseq.g23175.t1	64.706	68	24	0	873	1076	92	159	7.26e-22	98.2
NV2t030001001.1	Pocillopora_acuta_HIv2___RNAseq.g3638.t1	62.264	106	37	2	356	673	119	221	8.08e-36	127
NV2t003591001.1	Pocillopora_acuta_HIv2___RNAseq.g4549.t1	34.909	1587	917	38	5437	10044	193	1714	0.0	852
NV2t003591001.1	Pocillopora_acuta_HIv2___RNAseq.g23923.t1	34.950	1402	814	31	5437	9558	193	1524	0.0	778
NV2t003591001.1	Pocillopora_acuta_HIv2___RNAseq.g12801.t1a	45.526	760	377	11	7861	10044	17	771	0.0	650
NV2t003591001.1	Pocillopora_acuta_HIv2___RNAseq.g28022.t1	40.399	802	441	12	6952	9306	950	1731	5.32e-172	583
NV2t003591001.1	Pocillopora_acuta_HIv2___RNAseq.g3395.t1	41.036	502	269	8	8590	10047	1	491	4.19e-109	372
NV2t003591001.1	Pocillopora_acuta_HIv2___RNAseq.g8416.t1	39.245	530	292	9	8488	10047	863	1372	3.85e-104	372
NV2t003591001.1	Pocillopora_acuta_HIv2___RNAseq.g8416.t1	27.003	674	442	15	6133	8043	202	862	9.16e-58	223
NV2t003591001.1	Pocillopora_acuta_HIv2___RNAseq.g7959.t1	39.623	530	290	9	8488	10047	921	1430	1.20e-103	372
NV2t003591001.1	Pocillopora_acuta_HIv2___RNAseq.g7959.t1	27.151	674	441	16	6133	8043	260	920	5.13e-57	221
NV2t003591001.1	Pocillopora_acuta_HIv2___RNAseq.g9469.t1	36.989	538	311	7	8539	10116	474	995	1.26e-103	361
NV2t003591001.1	Pocillopora_acuta_HIv2___RNAseq.g9469.t1	28.622	283	180	8	6784	7587	119	394	1.89e-23	110
NV2t003591001.1	Pocillopora_acuta_HIv2___RNAseq.g23120.t1	39.148	493	276	8	8590	10047	1	476	3.71e-103	342
NV2t003591001.1	Pocillopora_acuta_HIv2___RNAseq.g6221.t1	32.381	735	431	15	7888	10044	706	1390	4.40e-96	348
NV2t003591001.1	Pocillopora_acuta_HIv2___RNAseq.g2626.t1	29.514	864	511	25	5458	7938	237	1039	3.15e-94	333
NV2t003591001.1	Pocillopora_acuta_HIv2___RNAseq.g27820.t1	37.127	536	302	11	8488	10044	8	525	9.81e-91	319
NV2t003591001.1	Pocillopora_acuta_HIv2___RNAseq.g25145.t1	28.526	936	565	28	6835	9501	518	1396	2.85e-89	323
NV2t003591001.1	Pocillopora_acuta_HIv2___RNAseq.g17639.t1	29.525	779	476	24	5803	8064	291	1021	8.91e-82	298
NV2t003591001.1	Pocillopora_acuta_HIv2___RNAseq.g3731.t1	29.806	775	479	23	5803	8064	291	1021	4.15e-81	298
NV2t003591001.1	Pocillopora_acuta_HIv2___RNAseq.g29716.t1	34.358	553	317	11	7300	8943	353	864	4.32e-80	295
NV2t003591001.1	Pocillopora_acuta_HIv2___RNAseq.g29716.t1	31.395	258	143	6	9295	10044	863	1094	9.88e-24	111
NV2t003591001.1	Pocillopora_acuta_HIv2___RNAseq.g21158.t1	27.086	923	526	26	7405	10044	333	1151	1.89e-75	278
NV2t003591001.1	Pocillopora_acuta_HIv2___RNAseq.g20052.t1	39.521	334	193	3	8488	9471	8	338	5.23e-74	251
NV2t003591001.1	Pocillopora_acuta_HIv2___TS.g16106.t1	32.712	483	294	10	8293	9708	1	463	2.46e-70	253
NV2t003591001.1	Pocillopora_acuta_HIv2___RNAseq.g532.t1	31.683	404	268	6	8293	9501	1	397	9.38e-65	228
NV2t003591001.1	Pocillopora_acuta_HIv2___RNAseq.g2012.t1	33.407	455	249	10	8722	10044	455	869	1.65e-63	240
NV2t003591001.1	Pocillopora_acuta_HIv2___TS.g22843.t1a	37.669	369	197	7	8890	9906	991	1356	1.68e-63	241
NV2t003591001.1	Pocillopora_acuta_HIv2___TS.g22843.t1a	27.381	756	458	23	5950	8094	286	991	1.68e-60	231
NV2t003591001.1	Pocillopora_acuta_HIv2___TS.g13326.t1a	37.669	369	197	7	8890	9906	991	1356	3.04e-63	240
NV2t003591001.1	Pocillopora_acuta_HIv2___TS.g13326.t1a	27.249	756	459	23	5950	8094	286	991	1.59e-60	231
NV2t003591001.1	Pocillopora_acuta_HIv2___RNAseq.g24282.t1	36.631	374	212	8	8941	10047	25	378	1.22e-61	228
NV2t003591001.1	Pocillopora_acuta_HIv2___TS.g27138.t1	32.164	513	296	14	8542	10044	745	1217	6.29e-61	233
NV2t003591001.1	Pocillopora_acuta_HIv2___RNAseq.g23948.t1a	28.082	730	428	23	6037	8100	318	992	1.28e-60	231
NV2t003591001.1	Pocillopora_acuta_HIv2___TS.g22867.t1	28.099	726	433	23	6037	8100	318	992	1.55e-60	231
NV2t003591001.1	Pocillopora_acuta_HIv2___RNAseq.g30600.t1	28.099	726	433	23	6037	8100	318	992	1.65e-60	231
NV2t003591001.1	Pocillopora_acuta_HIv2___RNAseq.g20215.t1	33.850	452	255	14	8719	10044	763	1180	9.25e-60	229
NV2t003591001.1	Pocillopora_acuta_HIv2___RNAseq.g417.t1	35.096	416	228	9	8848	10044	595	985	2.10e-59	228
NV2t003591001.1	Pocillopora_acuta_HIv2___RNAseq.g417.t1	29.078	282	173	10	6820	7605	298	572	9.20e-22	105
NV2t003591001.1	Pocillopora_acuta_HIv2___RNAseq.g10806.t1	28.857	551	331	13	8431	10044	1	503	1.78e-58	221
NV2t003591001.1	Pocillopora_acuta_HIv2___RNAseq.g23294.t1	33.040	454	256	13	8719	10044	733	1150	6.60e-58	223
NV2t003591001.1	Pocillopora_acuta_HIv2___RNAseq.g19065.t1	29.320	706	396	21	8023	10035	265	902	1.93e-57	220
NV2t003591001.1	Pocillopora_acuta_HIv2___RNAseq.g19820.t1	28.959	701	405	19	8023	10035	748	1385	4.72e-57	221
NV2t003591001.1	Pocillopora_acuta_HIv2___TS.g16381.t1	28.430	707	401	19	8023	10035	681	1318	3.03e-56	218
NV2t003591001.1	Pocillopora_acuta_HIv2___TS.g14885.t2	27.528	712	420	22	6037	8046	318	975	3.16e-56	217
NV2t003591001.1	Pocillopora_acuta_HIv2___TS.g10146.t1	27.528	712	420	22	6037	8046	318	975	3.16e-56	217
NV2t003591001.1	Pocillopora_acuta_HIv2___RNAseq.g27888.t1	27.401	708	426	22	6037	8046	318	975	3.74e-56	217
NV2t003591001.1	Pocillopora_acuta_HIv2___RNAseq.g6288.t1	27.542	708	425	22	6037	8046	318	975	3.86e-56	217
NV2t003591001.1	Pocillopora_acuta_HIv2___TS.g1028.t1	27.542	708	425	22	6037	8046	318	975	4.11e-56	216
NV2t003591001.1	Pocillopora_acuta_HIv2___RNAseq.g30004.t1	27.542	708	425	22	6037	8046	318	975	4.24e-56	216
NV2t003591001.1	Pocillopora_acuta_HIv2___RNAseq.g12670.t1	25.847	886	571	28	7159	9768	370	1185	5.07e-56	217
NV2t003591001.1	Pocillopora_acuta_HIv2___RNAseq.g31164.t1a	29.586	676	384	18	8098	10035	772	1385	4.51e-55	214
NV2t003591001.1	Pocillopora_acuta_HIv2___RNAseq.g30639.t1	39.918	243	144	1	8392	9120	3	243	7.52e-55	193
NV2t003591001.1	Pocillopora_acuta_HIv2___RNAseq.g28017.t1	43.182	220	125	0	8743	9402	3	222	1.24e-54	211
NV2t003591001.1	Pocillopora_acuta_HIv2___RNAseq.g23578.t1	42.023	257	140	3	8245	9015	964	1211	1.50e-54	213
NV2t003591001.1	Pocillopora_acuta_HIv2___RNAseq.g23578.t1	35.249	261	143	5	9286	10044	1219	1461	5.58e-34	145
NV2t003591001.1	Pocillopora_acuta_HIv2___RNAseq.g3373.t1	31.618	408	194	8	8896	10044	1	348	6.61e-54	197
NV2t003591001.1	Pocillopora_acuta_HIv2___TS.g27616.t1	42.412	257	139	3	8245	9015	964	1211	2.15e-53	209
NV2t003591001.1	Pocillopora_acuta_HIv2___TS.g8533.t1	33.504	391	212	7	7216	8373	744	1091	1.11e-51	202
NV2t003591001.1	Pocillopora_acuta_HIv2___RNAseq.g23121.t1	27.237	514	335	12	6133	7602	167	665	4.09e-50	192
NV2t003591001.1	Pocillopora_acuta_HIv2___RNAseq.g31364.t1b	28.685	502	305	14	6514	7938	1	476	3.34e-49	189
NV2t003591001.1	Pocillopora_acuta_HIv2___TS.g31335.t1	31.840	424	235	9	8848	10044	728	1122	3.90e-49	194
NV2t003591001.1	Pocillopora_acuta_HIv2___RNAseq.g9018.t1	31.139	395	236	9	6811	7938	46	423	8.33e-49	188
NV2t003591001.1	Pocillopora_acuta_HIv2___TS.g18333.t1	27.586	609	332	16	8311	10044	7	537	1.51e-48	188
NV2t003591001.1	Pocillopora_acuta_HIv2___RNAseq.g29664.t1	30.633	395	238	9	6811	7938	77	454	1.11e-47	184
NV2t003591001.1	Pocillopora_acuta_HIv2___RNAseq.g1264.t1	29.550	467	289	11	6034	7347	372	827	2.29e-46	185
NV2t003591001.1	Pocillopora_acuta_HIv2___RNAseq.g29458.t1	30.208	384	232	9	6811	7905	46	412	1.12e-45	173
NV2t003591001.1	Pocillopora_acuta_HIv2___TS.g29834.t1	38.272	243	143	4	8980	9696	64	303	3.30e-43	162
NV2t003591001.1	Pocillopora_acuta_HIv2___TS.g9306.t1	26.599	594	363	20	5941	7587	299	864	4.85e-43	174
NV2t003591001.1	Pocillopora_acuta_HIv2___TS.g9306.t1	35.052	291	162	7	9196	10044	996	1267	1.44e-38	160
NV2t003591001.1	Pocillopora_acuta_HIv2___RNAseq.g27758.t2	41.919	198	110	3	8956	9549	328	520	2.30e-42	166
NV2t003591001.1	Pocillopora_acuta_HIv2___RNAseq.g3397.t1	28.027	446	290	11	5947	7233	303	734	2.59e-42	169
NV2t003591001.1	Pocillopora_acuta_HIv2___RNAseq.g25660.t1	42.935	184	105	0	8392	8943	1	184	3.39e-42	169
NV2t003591001.1	Pocillopora_acuta_HIv2___RNAseq.g25660.t1	30.196	255	146	6	9301	10044	187	416	1.05e-22	107
NV2t003591001.1	Pocillopora_acuta_HIv2___TS.g5785.t1	39.819	221	126	4	9010	9660	36	253	2.99e-41	158
NV2t003591001.1	Pocillopora_acuta_HIv2___TS.g509.t1	35.052	291	162	7	9196	10044	203	474	2.66e-40	159
NV2t003591001.1	Pocillopora_acuta_HIv2___TS.g18708.t1	40.500	200	117	1	8521	9120	674	871	7.11e-40	162
NV2t003591001.1	Pocillopora_acuta_HIv2___RNAseq.g23303.t1	34.074	270	168	5	7102	7908	48	308	1.02e-39	151
NV2t003591001.1	Pocillopora_acuta_HIv2___TS.g1340.t1a	28.942	463	271	14	6781	8100	536	963	2.43e-39	162
NV2t003591001.1	Pocillopora_acuta_HIv2___RNAseq.g4833.t1	30.456	417	256	10	8092	9261	553	962	3.55e-39	162
NV2t003591001.1	Pocillopora_acuta_HIv2___RNAseq.g22229.t1	24.060	665	426	16	5425	7278	145	777	4.42e-39	161
NV2t003591001.1	Pocillopora_acuta_HIv2___RNAseq.g26532.t1	29.752	363	219	9	6811	7842	46	391	2.83e-38	156
NV2t003591001.1	Pocillopora_acuta_HIv2___RNAseq.g26532.t1	29.022	317	179	10	9172	10044	330	626	4.06e-25	115
NV2t003591001.1	Pocillopora_acuta_HIv2___RNAseq.g27827.t1	31.319	364	217	13	6748	7761	163	519	3.99e-38	152
NV2t003591001.1	Pocillopora_acuta_HIv2___TS.g22924.t1	34.386	285	160	7	9214	10044	1	266	6.62e-38	152
NV2t003591001.1	Pocillopora_acuta_HIv2___RNAseq.g7936.t1	29.565	345	214	8	6811	7788	46	380	3.38e-37	154
NV2t003591001.1	Pocillopora_acuta_HIv2___RNAseq.g10814.t1	29.412	323	207	6	8431	9369	1	312	5.74e-37	144
NV2t003591001.1	Pocillopora_acuta_HIv2___TS.g21277.t1	45.033	151	83	0	8560	9012	259	409	3.12e-34	144
NV2t003591001.1	Pocillopora_acuta_HIv2___RNAseq.g520.t1	27.477	444	268	11	6817	8103	128	532	7.65e-33	137
NV2t003591001.1	Pocillopora_acuta_HIv2___RNAseq.g4256.t1	35.000	240	148	3	7798	8508	7	241	1.78e-31	126
NV2t003591001.1	Pocillopora_acuta_HIv2___RNAseq.g11302.t1	35.220	159	102	1	8668	9141	3	161	2.42e-31	122
NV2t003591001.1	Pocillopora_acuta_HIv2___TS.g508.t1	25.806	527	321	18	5875	7317	275	777	3.26e-31	134
NV2t003591001.1	Pocillopora_acuta_HIv2___TS.g4885.t1	39.865	148	84	2	9058	9501	1	143	1.36e-30	120
NV2t003591001.1	Pocillopora_acuta_HIv2___RNAseq.g19014.t1	27.094	561	322	24	5446	6999	83	599	1.56e-30	131
NV2t003591001.1	Pocillopora_acuta_HIv2___TS.g5016.t1	39.865	148	84	2	9058	9501	1	143	1.60e-30	119
NV2t003591001.1	Pocillopora_acuta_HIv2___RNAseq.g1582.t1	45.763	118	64	0	9691	10044	1	118	2.23e-30	119
NV2t003591001.1	Pocillopora_acuta_HIv2___RNAseq.g2654.t1b	32.738	336	196	11	7876	8850	884	1200	3.22e-29	129
NV2t003591001.1	Pocillopora_acuta_HIv2___RNAseq.g11298.t1	30.631	222	145	4	8668	9315	3	221	1.83e-28	117
NV2t003591001.1	Pocillopora_acuta_HIv2___RNAseq.g22192.t1	31.250	240	155	5	8782	9501	1	230	1.93e-28	118
NV2t003591001.1	Pocillopora_acuta_HIv2___TS.g15331.t1	28.731	268	153	4	8179	8973	2	234	7.66e-28	115
NV2t003591001.1	Pocillopora_acuta_HIv2___RNAseq.g31372.t1	41.935	155	80	2	8878	9342	61	205	1.77e-27	113
NV2t003591001.1	Pocillopora_acuta_HIv2___RNAseq.g26145.t1	41.935	155	80	2	8878	9342	61	205	1.79e-27	113
NV2t003591001.1	Pocillopora_acuta_HIv2___RNAseq.g26143.t1	41.935	155	80	2	8878	9342	61	205	1.79e-27	113
NV2t003591001.1	Pocillopora_acuta_HIv2___RNAseq.g26142.t1	41.935	155	80	2	8878	9342	61	205	1.79e-27	113
NV2t003591001.1	Pocillopora_acuta_HIv2___RNAseq.g26144.t1	41.935	155	80	2	8878	9342	61	205	1.79e-27	113
NV2t003591001.1	Pocillopora_acuta_HIv2___RNAseq.g26146.t1	41.935	155	80	2	8878	9342	61	205	1.79e-27	113
NV2t003591001.1	Pocillopora_acuta_HIv2___RNAseq.g31147.t1	49.573	117	58	1	8992	9342	90	205	1.95e-27	112
NV2t003591001.1	Pocillopora_acuta_HIv2___RNAseq.g18249.t1	49.573	117	58	1	8992	9342	90	205	1.95e-27	112
NV2t003591001.1	Pocillopora_acuta_HIv2___RNAseq.g18250.t1	49.573	117	58	1	8992	9342	90	205	1.95e-27	112
NV2t003591001.1	Pocillopora_acuta_HIv2___RNAseq.g31148.t1	49.573	117	58	1	8992	9342	90	205	1.95e-27	112
NV2t003591001.1	Pocillopora_acuta_HIv2___RNAseq.g3831.t1	45.946	185	84	7	11282	11809	44	221	2.43e-27	113
NV2t003591001.1	Pocillopora_acuta_HIv2___TS.g31182.t1	32.491	277	151	8	6844	7641	534	785	2.88e-27	122
NV2t003591001.1	Pocillopora_acuta_HIv2___RNAseq.g28784.t1	30.833	240	155	6	8782	9501	1	229	6.01e-27	114
NV2t003591001.1	Pocillopora_acuta_HIv2___TS.g9929.t1	32.046	259	161	5	7342	8100	2	251	5.45e-26	110
NV2t003591001.1	Pocillopora_acuta_HIv2___RNAseq.g3832.t1	64.045	89	29	1	11282	11539	42	130	1.89e-25	107
NV2t003591001.1	Pocillopora_acuta_HIv2___RNAseq.g6167.t1	30.290	241	149	5	8788	9471	10	244	4.40e-25	108
NV2t003591001.1	Pocillopora_acuta_HIv2___RNAseq.g3830.t1	71.605	81	22	1	11282	11524	43	122	6.13e-25	106
NV2t003591001.1	Pocillopora_acuta_HIv2___RNAseq.g5521.t1	27.350	234	164	4	8266	8964	62	290	1.14e-24	107
NV2t003591001.1	Pocillopora_acuta_HIv2___RNAseq.g3835.t1	66.667	75	25	0	11282	11506	43	117	7.51e-24	104
NV2t003591001.1	Pocillopora_acuta_HIv2___TS.g9133.t1	35.644	202	122	3	8917	9510	747	944	1.28e-23	110
NV2t003591001.1	Pocillopora_acuta_HIv2___RNAseq.g28092.t1	30.522	249	164	6	9097	9843	222	461	3.16e-23	108
NV2t003591001.1	Pocillopora_acuta_HIv2___RNAseq.g18941.t1	32.422	256	156	7	7876	8616	527	774	4.19e-23	108
NV2t003591001.1	Pocillopora_acuta_HIv2___RNAseq.g18251.t1	47.664	107	55	1	9022	9342	189	294	6.46e-23	102
NV2t003591001.1	Pocillopora_acuta_HIv2___RNAseq.12993_t	61.333	75	29	0	11282	11506	53	127	7.95e-23	100
NV2t003591001.1	Pocillopora_acuta_HIv2___RNAseq.g3833.t1	60.811	74	29	0	11282	11503	63	136	1.46e-22	99.0
NV2t003591001.1	Pocillopora_acuta_HIv2___TS.g7499.t1	39.130	138	83	1	8980	9393	10	146	2.98e-22	95.9
NV2t003591001.1	Pocillopora_acuta_HIv2___RNAseq.g10001.t1	32.418	182	105	2	8488	8979	80	261	4.04e-22	100
NV2t003591001.1	Pocillopora_acuta_HIv2___RNAseq.g10008.t1	32.418	182	105	2	8488	8979	80	261	4.04e-22	100
NV2t003591001.1	Pocillopora_acuta_HIv2___RNAseq.g27100.t1	27.509	269	149	8	9193	9942	1	242	6.18e-21	96.7
NV2t003591002.1	Pocillopora_acuta_HIv2___RNAseq.g3831.t1	47.807	228	103	7	297	953	1	221	1.51e-38	137
NV2t003591002.1	Pocillopora_acuta_HIv2___RNAseq.g3830.t1	64.516	124	42	2	297	668	1	122	4.87e-32	120
NV2t003591002.1	Pocillopora_acuta_HIv2___RNAseq.g3833.t1	50.400	125	61	1	273	647	13	136	9.58e-30	114
NV2t003591002.1	Pocillopora_acuta_HIv2___RNAseq.g3832.t1	56.800	125	45	2	318	683	12	130	1.80e-29	113
NV2t003591002.1	Pocillopora_acuta_HIv2___RNAseq.g3835.t1	52.586	116	53	2	303	650	4	117	1.61e-26	107
NV2t003591002.1	Pocillopora_acuta_HIv2___RNAseq.12993_t	48.819	127	56	3	297	650	1	127	4.51e-26	105
NV2t003591002.1	Pocillopora_acuta_HIv2___RNAseq.g3829.t1	52.101	119	43	3	297	641	1	109	2.28e-24	100
NV2t003591002.1	Pocillopora_acuta_HIv2___RNAseq.g18728.t1	52.222	90	39	1	459	728	66	151	1.59e-21	92.8
NV2t003591003.1	Pocillopora_acuta_HIv2___RNAseq.g3831.t1	45.652	184	84	7	192	716	45	221	2.90e-29	111
NV2t003591003.1	Pocillopora_acuta_HIv2___RNAseq.g3832.t1	63.636	88	29	1	192	446	43	130	7.64e-27	104
NV2t003591003.1	Pocillopora_acuta_HIv2___RNAseq.g3830.t1	71.250	80	22	1	192	431	44	122	1.78e-26	104
NV2t003591003.1	Pocillopora_acuta_HIv2___RNAseq.g3835.t1	66.216	74	25	0	192	413	44	117	2.87e-25	102
NV2t003591003.1	Pocillopora_acuta_HIv2___RNAseq.12993_t	62.162	74	28	0	192	413	54	127	5.45e-25	100
NV2t003591003.1	Pocillopora_acuta_HIv2___RNAseq.g3833.t1	60.274	73	29	0	192	410	64	136	1.27e-23	95.9
NV2t003591003.1	Pocillopora_acuta_HIv2___RNAseq.g18728.t1	52.222	90	39	1	222	491	66	151	6.08e-22	92.4
NV2t003592001.1	Pocillopora_acuta_HIv2___RNAseq.g3835.t1	38.321	274	100	8	140	787	7	269	2.15e-40	143
NV2t003592001.1	Pocillopora_acuta_HIv2___RNAseq.g3832.t1	65.138	109	35	1	146	472	12	117	3.42e-40	140
NV2t003592001.1	Pocillopora_acuta_HIv2___RNAseq.g3829.t1	54.762	126	51	4	137	511	5	125	1.07e-31	119
NV2t003592001.1	Pocillopora_acuta_HIv2___RNAseq.g3833.t1	48.819	127	61	2	98	466	10	136	5.89e-30	114
NV2t003592001.1	Pocillopora_acuta_HIv2___RNAseq.12993_t	44.094	127	61	1	119	469	1	127	1.42e-28	111
NV2t003592001.1	Pocillopora_acuta_HIv2___RNAseq.g3830.t1	50.781	128	57	2	137	508	5	130	1.93e-27	107
NV2t003592001.1	Pocillopora_acuta_HIv2___RNAseq.g3831.t1	50.000	128	61	1	137	511	5	132	3.99e-27	106
NV2t003592001.1	Pocillopora_acuta_HIv2___RNAseq.g3834.t1	53.279	122	51	3	110	463	2	121	8.06e-27	105
NV2t003593001.1	Pocillopora_acuta_HIv2___RNAseq.12993_t	71.264	87	25	0	403	663	43	129	3.27e-38	140
NV2t003593001.1	Pocillopora_acuta_HIv2___RNAseq.g3835.t1	48.795	166	67	5	304	786	4	156	1.70e-36	137
NV2t003593001.1	Pocillopora_acuta_HIv2___RNAseq.g3832.t1	58.252	103	43	0	355	663	16	118	2.81e-34	129
NV2t003593001.1	Pocillopora_acuta_HIv2___RNAseq.g3833.t1	48.739	119	56	2	301	654	22	136	9.07e-29	113
NV2t003593001.1	Pocillopora_acuta_HIv2___RNAseq.g3829.t1	62.791	86	26	3	397	648	28	109	1.55e-26	108
NV2t003593001.1	Pocillopora_acuta_HIv2___RNAseq.g3831.t1	53.913	115	51	2	313	657	6	118	2.86e-22	95.5
NV2t003593001.1	Pocillopora_acuta_HIv2___RNAseq.g3834.t1	38.333	180	91	6	313	804	10	185	3.18e-22	94.7
NV2t003593001.1	Pocillopora_acuta_HIv2___RNAseq.g14737.t1	46.939	98	52	0	364	657	43	140	4.08e-21	93.2
NV2t003593001.1	Pocillopora_acuta_HIv2___RNAseq.g3830.t1	51.261	119	48	3	313	660	6	117	4.20e-21	92.4
NV2t025278001.1	Pocillopora_acuta_HIv2___TS.g15143.t1	44.444	216	105	5	470	1105	4	208	1.72e-49	168
NV2t025278001.1	Pocillopora_acuta_HIv2___RNAseq.g12537.t1	60.630	127	40	4	725	1090	71	192	1.85e-41	147
NV2t025278001.1	Pocillopora_acuta_HIv2___RNAseq.g12535.t1	48.101	158	68	5	659	1093	35	191	8.06e-40	142
NV2t025278001.1	Pocillopora_acuta_HIv2___RNAseq.g12536.t1	40.645	155	68	3	467	904	7	146	1.32e-22	95.9
NV2t025278001.1	Pocillopora_acuta_HIv2___RNAseq.g3323.t1	59.420	69	28	0	731	937	99	167	1.73e-21	93.2
NV2t014640001.1	Pocillopora_acuta_HIv2___RNAseq.g3322.t1	56.746	252	91	10	37	744	9	258	1.03e-77	242
NV2t017442001.1	Pocillopora_acuta_HIv2___RNAseq.g1763.t1	53.815	249	90	9	434	1111	100	346	3.04e-66	219
NV2t017442001.1	Pocillopora_acuta_HIv2___RNAseq.g23175.t1	40.417	240	101	11	437	1093	99	317	1.41e-30	122
NV2t017442001.1	Pocillopora_acuta_HIv2___TS.g24486.t2	36.652	221	121	4	437	1093	54	257	2.85e-26	108
NV2t017442001.1	Pocillopora_acuta_HIv2___TS.g19999.t1	62.025	79	30	0	434	670	182	260	2.19e-25	108
NV2t017442001.1	Pocillopora_acuta_HIv2___RNAseq.29673_t	34.112	214	108	4	437	1078	99	279	2.46e-24	103
NV2t017442001.1	Pocillopora_acuta_HIv2___RNAseq.g14737.t1	36.620	213	82	8	434	1066	83	244	2.51e-24	102
NV2t017667001.1	Pocillopora_acuta_HIv2___RNAseq.g10177.t1	56.566	198	82	2	192	782	11	205	8.76e-64	215
NV2t017961001.1	Pocillopora_acuta_HIv2___RNAseq.g24142.t1	60.082	243	85	9	288	995	25	262	1.15e-83	272
NV2t017961001.1	Pocillopora_acuta_HIv2___RNAseq.g26215.t1	42.568	148	64	6	369	806	35	163	9.23e-23	97.8
NV2t018403001.1	Pocillopora_acuta_HIv2___RNAseq.g21753.t1	56.710	231	88	7	217	891	1	225	1.46e-62	207
NV2t018723001.1	Pocillopora_acuta_HIv2___RNAseq.g10179.t1	60.181	221	79	5	370	1026	2	215	3.57e-47	166
NV2t010728001.1	Pocillopora_acuta_HIv2___RNAseq.g614.t1	62.585	294	90	5	101	964	1	280	1.60e-122	367
NV2t010728001.1	Pocillopora_acuta_HIv2___RNAseq.g616.t1	62.189	201	70	1	146	748	4	198	2.06e-83	265
NV2t010728001.1	Pocillopora_acuta_HIv2___RNAseq.g617.t1	55.155	194	85	1	95	670	67	260	2.57e-67	226
NV2t010728001.1	Pocillopora_acuta_HIv2___RNAseq.g615.t1	58.140	172	68	2	149	652	8	179	1.43e-65	216
NV2t011132001.1	Pocillopora_acuta_HIv2___RNAseq.g940.t1	57.944	214	78	3	473	1114	1	202	2.39e-79	244
NV2t011132001.1	Pocillopora_acuta_HIv2___RNAseq.18045_t	39.147	258	109	10	464	1114	7	257	3.20e-38	139
NV2t011132001.1	Pocillopora_acuta_HIv2___RNAseq.g942.t1	39.888	178	80	4	473	955	1	168	8.26e-31	119
NV2t011132001.1	Pocillopora_acuta_HIv2___RNAseq.g938.t1	47.953	171	62	7	473	934	1	161	2.43e-30	117
NV2t011132001.1	Pocillopora_acuta_HIv2___TS.g4502.t1	62.687	67	25	0	743	943	113	179	6.50e-22	95.1
NV2t011134001.1	Pocillopora_acuta_HIv2___RNAseq.18045_t	56.000	250	76	5	919	1566	10	259	2.81e-64	219
NV2t011134001.1	Pocillopora_acuta_HIv2___RNAseq.g940.t1	43.498	223	96	8	919	1560	1	202	2.04e-38	142
NV2t011134001.1	Pocillopora_acuta_HIv2___RNAseq.g942.t1	43.852	244	104	7	919	1566	1	239	2.27e-36	138
NV2t011134001.1	Pocillopora_acuta_HIv2___RNAseq.g938.t1	47.768	224	91	7	919	1539	1	215	2.38e-35	134
NV2t011134001.1	Pocillopora_acuta_HIv2___TS.g4502.t1	71.875	64	18	0	1192	1383	113	176	6.35e-23	100
NV2t011262001.1	Pocillopora_acuta_HIv2___TS.g4502.t1	45.033	151	70	6	387	824	87	229	5.61e-28	111
NV2t011262001.1	Pocillopora_acuta_HIv2___RNAseq.g938.t1	49.074	108	41	2	366	689	73	166	1.39e-23	98.6
NV2t011262001.1	Pocillopora_acuta_HIv2___RNAseq.g942.t1	71.186	59	17	0	498	674	103	161	2.01e-22	95.5
NV2t011262001.1	Pocillopora_acuta_HIv2___RNAseq.g940.t1	64.516	62	22	0	498	683	85	146	1.09e-21	92.4
NV2t011327001.1	Pocillopora_acuta_HIv2___RNAseq.g26218.t1	57.592	191	67	4	116	658	2	188	3.06e-61	198
NV2t011327001.1	Pocillopora_acuta_HIv2___TS.g25075.t1	58.451	142	48	3	233	637	27	164	1.13e-45	157
NV2t011327001.1	Pocillopora_acuta_HIv2___TS.g25076.t1	46.853	143	56	4	248	619	44	185	2.77e-33	124
NV2t011327001.1	Pocillopora_acuta_HIv2___RNAseq.g26215.t1	43.182	132	59	2	197	544	40	171	9.98e-25	101
NV2t011327001.1	Pocillopora_acuta_HIv2___RNAseq.g26212.t1	68.254	63	20	0	341	529	136	198	2.83e-22	95.9
NV2t011380001.1	Pocillopora_acuta_HIv2___RNAseq.g31138.t1	63.710	124	42	3	354	722	92	213	6.95e-41	149
NV2t011935001.1	Pocillopora_acuta_HIv2___RNAseq.g31137.t1	43.694	222	89	8	134	745	7	210	1.86e-38	140
NV2t012004001.1	Pocillopora_acuta_HIv2___RNAseq.g26215.t1	62.745	102	36	1	407	706	77	178	1.64e-39	140
NV2t012004001.1	Pocillopora_acuta_HIv2___RNAseq.g26218.t1	57.471	87	36	1	422	679	52	138	8.23e-24	98.6
NV2t012004001.1	Pocillopora_acuta_HIv2___TS.g25075.t1	46.018	113	53	3	347	664	17	128	3.97e-22	93.6
NV2t012007001.1	Pocillopora_acuta_HIv2___RNAseq.g26215.t1	65.049	103	29	2	190	483	104	204	1.48e-32	123
NV2t012007001.1	Pocillopora_acuta_HIv2___RNAseq.g24142.t1	51.456	103	48	1	178	486	136	236	1.56e-22	97.1
NV2t012007001.1	Pocillopora_acuta_HIv2___RNAseq.g26218.t1	60.870	69	27	0	172	378	67	135	4.03e-21	91.7
NV2t012007001.1	Pocillopora_acuta_HIv2___TS.g25076.t1	45.545	101	49	1	124	426	70	164	4.80e-21	90.9
NV2t012008001.1	Pocillopora_acuta_HIv2___RNAseq.g26215.t1	76.344	93	21	1	122	397	74	166	1.47e-42	145
NV2t012008001.1	Pocillopora_acuta_HIv2___RNAseq.g26218.t1	57.143	84	36	0	146	397	52	135	7.18e-26	101
NV2t012008001.1	Pocillopora_acuta_HIv2___TS.g25075.t1	45.736	129	55	4	38	391	4	128	5.07e-24	96.7
NV2t012008001.1	Pocillopora_acuta_HIv2___RNAseq.g24142.t1	67.164	67	22	0	200	400	137	203	1.25e-22	94.4
NV2t012008001.1	Pocillopora_acuta_HIv2___TS.g25076.t1	49.038	104	35	2	155	412	56	159	2.45e-22	91.7
NV2t012247001.1	Pocillopora_acuta_HIv2___RNAseq.g945.t1	64.539	141	38	2	3705	4127	26	154	1.45e-48	171
NV2t012247001.1	Pocillopora_acuta_HIv2___RNAseq.g945.t1	50.685	146	54	4	1516	1926	23	159	2.78e-34	130
NV2t012247001.1	Pocillopora_acuta_HIv2___RNAseq.g946.t1	50.286	175	73	6	1516	1998	27	201	8.15e-36	137
NV2t012247001.1	Pocillopora_acuta_HIv2___RNAseq.g946.t1	58.427	89	37	0	3864	4130	82	170	2.57e-28	115
NV2t012247001.1	Pocillopora_acuta_HIv2___RNAseq.g944.t1	41.096	146	70	2	3678	4100	3	137	2.83e-26	109
NV2t012247001.1	Pocillopora_acuta_HIv2___RNAseq.g944.t1	42.857	133	64	3	1519	1890	10	139	3.51e-21	95.1
NV2t012247002.1	Pocillopora_acuta_HIv2___RNAseq.g946.t1	50.286	175	73	6	1248	1730	27	201	4.14e-36	137
NV2t012247002.1	Pocillopora_acuta_HIv2___RNAseq.g945.t1	50.685	146	54	4	1248	1658	23	159	1.46e-34	130
NV2t012247002.1	Pocillopora_acuta_HIv2___RNAseq.g944.t1	42.857	133	64	3	1251	1622	10	139	1.77e-21	95.1
NV2t012279001.1	Pocillopora_acuta_HIv2___RNAseq.g24142.t1	82.759	58	10	0	451	624	144	201	9.79e-25	103
NV2t012279001.1	Pocillopora_acuta_HIv2___RNAseq.g26215.t1	71.186	59	17	0	451	627	108	166	2.42e-21	92.4
NV2t012793001.1	Pocillopora_acuta_HIv2___RNAseq.g9589.t2	63.704	135	42	3	438	839	1	129	3.64e-43	155
NV2t012793001.1	Pocillopora_acuta_HIv2___RNAseq.g9588.t1	72.816	103	27	1	438	746	1	102	2.17e-41	149
NV2t012793001.1	Pocillopora_acuta_HIv2___RNAseq.g9587.t1	65.789	114	22	4	435	743	35	142	9.89e-38	140
NV2t012793001.1	Pocillopora_acuta_HIv2___RNAseq.g9591.t2	66.667	108	30	2	438	746	1	107	6.44e-37	137
NV2t012793001.1	Pocillopora_acuta_HIv2___RNAseq.g9590.t1	67.708	96	30	1	453	740	3	97	1.08e-34	131
NV2t012795001.1	Pocillopora_acuta_HIv2___RNAseq.g9588.t1	71.333	150	37	3	418	867	1	144	1.46e-59	194
NV2t012795001.1	Pocillopora_acuta_HIv2___RNAseq.g9587.t1	65.385	104	29	3	418	711	36	138	2.23e-33	127
NV2t012795001.1	Pocillopora_acuta_HIv2___RNAseq.g9590.t1	85.075	67	10	0	514	714	29	95	1.56e-32	124
NV2t012795001.1	Pocillopora_acuta_HIv2___RNAseq.g9589.t2	65.000	100	33	2	418	714	1	99	2.33e-31	120
NV2t012795001.1	Pocillopora_acuta_HIv2___RNAseq.g9591.t2	85.714	63	9	0	523	711	40	102	3.52e-29	114
NV2t012799001.1	Pocillopora_acuta_HIv2___RNAseq.g9587.t1	56.327	245	75	8	168	866	36	260	8.46e-68	223
NV2t012799001.1	Pocillopora_acuta_HIv2___RNAseq.g9588.t1	46.774	186	70	5	168	725	1	157	1.29e-41	150
NV2t012799001.1	Pocillopora_acuta_HIv2___RNAseq.g9591.t2	58.974	117	43	3	168	506	1	116	3.90e-34	129
NV2t012799001.1	Pocillopora_acuta_HIv2___RNAseq.g9589.t2	60.377	106	40	2	168	485	1	104	6.57e-32	124
NV2t012799001.1	Pocillopora_acuta_HIv2___RNAseq.g9590.t1	55.085	118	38	2	141	494	1	103	1.04e-30	120
NV2t012940001.1	Pocillopora_acuta_HIv2___RNAseq.g28769.t1	83.784	74	12	0	1840	2061	126	199	5.66e-34	129
NV2t012940001.1	Pocillopora_acuta_HIv2___RNAseq.g28767.t1	92.063	63	5	0	1843	2031	130	192	1.18e-33	129
NV2t012940001.1	Pocillopora_acuta_HIv2___RNAseq.g28766.t1	86.957	69	9	0	1846	2052	155	223	1.48e-33	129
NV2t012940001.1	Pocillopora_acuta_HIv2___RNAseq.g28768.t1	80.882	68	13	0	1846	2049	128	195	3.57e-30	118
NV2t012942001.1	Pocillopora_acuta_HIv2___RNAseq.g28768.t1	44.928	207	91	6	224	805	1	197	6.38e-41	144
NV2t012942001.1	Pocillopora_acuta_HIv2___RNAseq.g28769.t1	50.360	139	45	4	401	781	63	189	3.03e-31	118
NV2t012942001.1	Pocillopora_acuta_HIv2___RNAseq.g28767.t1	63.529	85	31	0	527	781	108	192	7.72e-30	114
NV2t012942001.1	Pocillopora_acuta_HIv2___RNAseq.g28766.t1	67.500	80	26	0	575	814	148	227	1.22e-29	115
NV2t012943001.1	Pocillopora_acuta_HIv2___RNAseq.g28769.t1	54.630	216	89	7	1499	2131	2	213	6.14e-55	190
NV2t012943001.1	Pocillopora_acuta_HIv2___RNAseq.g28766.t1	78.161	87	17	2	1850	2107	148	233	1.63e-33	130
NV2t012943001.1	Pocillopora_acuta_HIv2___RNAseq.g28767.t1	74.074	81	21	0	1832	2074	118	198	5.56e-33	127
NV2t012943001.1	Pocillopora_acuta_HIv2___RNAseq.g28768.t1	72.619	84	21	1	1838	2089	119	200	1.81e-31	122
NV2t012943002.1	Pocillopora_acuta_HIv2___RNAseq.g28769.t1	54.378	217	85	7	1499	2122	2	213	4.42e-54	187
NV2t012943002.1	Pocillopora_acuta_HIv2___RNAseq.g28766.t1	78.161	87	17	2	1841	2098	148	233	1.63e-33	130
NV2t012943002.1	Pocillopora_acuta_HIv2___RNAseq.g28767.t1	86.765	68	9	0	1862	2065	131	198	1.01e-32	126
NV2t012943002.1	Pocillopora_acuta_HIv2___RNAseq.g28768.t1	72.093	86	22	1	1823	2080	117	200	1.74e-31	122
