Pocillopora_acuta_HIv2___RNAseq.g9590.t1	NV2t012793001.1	60.769	130	44	4	3	131	37	160	8.77e-41	140
Pocillopora_acuta_HIv2___RNAseq.g12535.t1	NV2t025557002.1	46.078	204	89	7	1	191	1	196	8.88e-50	160
Pocillopora_acuta_HIv2___RNAseq.g10179.t1	NV2t018723001.1	58.750	240	79	8	2	225	3	238	4.04e-77	233
Pocillopora_acuta_HIv2___RNAseq.12993_t	NV2t003593001.1	71.264	87	25	0	43	129	38	124	9.46e-41	140
Pocillopora_acuta_HIv2___RNAseq.g21753.t1	NV2t018403001.1	56.710	231	88	7	1	225	1	225	8.00e-78	233
Pocillopora_acuta_HIv2___TS.g24486.t2	NV2t022323001.1	46.591	264	121	9	4	257	63	316	2.29e-66	208
Pocillopora_acuta_HIv2___TS.g4502.t1	NV2t011262001.1	47.682	151	66	6	87	229	83	228	7.05e-33	120
Pocillopora_acuta_HIv2___RNAseq.g12537.t1	NV2t025557002.1	46.860	207	83	6	1	192	1	195	8.34e-53	167
Pocillopora_acuta_HIv2___RNAseq.g3638.t1	NV2t030001001.1	62.264	106	37	2	119	221	110	215	2.32e-36	127
Pocillopora_acuta_HIv2___RNAseq.g3322.t1	NV2t014640001.1	56.746	252	91	10	9	258	13	248	1.32e-80	243
Pocillopora_acuta_HIv2___RNAseq.g9591.t2	NV2t012793001.1	64.348	115	35	2	1	114	32	141	3.48e-41	140
Pocillopora_acuta_HIv2___RNAseq.29672_t	NV2t006849001.1	51.942	206	80	5	1	206	1	187	9.47e-52	183
Pocillopora_acuta_HIv2___RNAseq.g28768.t1	NV2t012942001.1	45.498	211	84	8	1	197	1	194	6.76e-44	145
Pocillopora_acuta_HIv2___RNAseq.g946.t1	NV2t012247002.1	50.276	181	76	6	20	200	23	189	1.62e-42	142
Pocillopora_acuta_HIv2___RNAseq.g944.t1	NV2t012247002.1	43.871	155	68	5	7	155	28	169	7.45e-30	110
Pocillopora_acuta_HIv2___RNAseq.g28766.t1	NV2t012939001.1	48.980	245	93	9	1	235	1	223	1.90e-58	185
Pocillopora_acuta_HIv2___TS.g25075.t1	NV2t011327001.1	58.156	141	51	3	32	164	24	164	2.88e-48	157
Pocillopora_acuta_HIv2___RNAseq.g24142.t1	NV2t017961001.1	60.082	243	85	9	25	262	20	255	5.65e-92	272
Pocillopora_acuta_HIv2___RNAseq.29673_t	NV2t008029002.1	49.462	279	122	10	7	281	32	295	2.88e-72	224
Pocillopora_acuta_HIv2___RNAseq.g617.t1	NV2t010887001.1	68.015	272	77	5	82	348	1	267	1.81e-128	373
Pocillopora_acuta_HIv2___RNAseq.g1763.t1	NV2t017442001.1	56.250	256	85	10	94	346	64	295	7.69e-75	233
Pocillopora_acuta_HIv2___RNAseq.g28767.t1	NV2t012940001.1	76.829	82	13	1	117	192	121	202	9.71e-38	130
Pocillopora_acuta_HIv2___RNAseq.g12801.t1a	NV2t010607001.1	73.944	1136	285	2	16	1150	912	2037	0.0	1753
Pocillopora_acuta_HIv2___RNAseq.g23923.t1	NV2t010607001.1	60.955	1529	528	18	1	1518	1	1471	0.0	1803
Pocillopora_acuta_HIv2___RNAseq.g3830.t1	NV2t003591002.1	64.516	124	42	2	1	122	10	133	1.39e-34	123
Pocillopora_acuta_HIv2___RNAseq.g3832.t1	NV2t003592001.1	63.248	117	40	1	4	117	10	126	1.85e-43	145
Pocillopora_acuta_HIv2___RNAseq.g9588.t1	NV2t012795001.1	69.903	206	51	7	1	200	1	201	1.36e-74	223
Pocillopora_acuta_HIv2___RNAseq.18045_t	NV2t011134001.1	56.000	250	76	5	10	259	1	216	5.09e-87	258
Pocillopora_acuta_HIv2___RNAseq.g942.t1	NV2t011138001.1	50.996	251	96	8	1	235	1	240	2.39e-66	205
Pocillopora_acuta_HIv2___RNAseq.g940.t1	NV2t011132001.1	57.944	214	78	3	1	202	5	218	7.55e-83	244
Pocillopora_acuta_HIv2___RNAseq.g26215.t1	NV2t012008001.1	76.344	93	21	1	74	166	41	132	4.20e-44	145
Pocillopora_acuta_HIv2___TS.g15143.t1	NV2t025557001.1	47.393	211	99	7	3	208	1	204	2.38e-56	177
Pocillopora_acuta_HIv2___RNAseq.g31138.t1	NV2t011380001.1	66.667	117	36	3	99	213	109	224	4.38e-45	149
Pocillopora_acuta_HIv2___TS.g25076.t1	NV2t011327001.1	46.853	143	56	4	44	185	35	158	2.70e-35	123
Pocillopora_acuta_HIv2___RNAseq.g3829.t1	NV2t003379001.1	65.873	126	35	3	6	129	27	146	1.34e-48	159
Pocillopora_acuta_HIv2___RNAseq.g31137.t1	NV2t011935001.1	43.694	222	89	8	7	210	13	216	5.81e-42	141
Pocillopora_acuta_HIv2___RNAseq.g28769.t1	NV2t012943001.1	54.630	216	89	7	2	213	1	211	2.03e-57	180
Pocillopora_acuta_HIv2___RNAseq.g3835.t1	NV2t003592001.1	37.631	287	110	8	7	282	16	244	3.51e-42	145
Pocillopora_acuta_HIv2___RNAseq.g9587.t1	NV2t012799001.1	57.085	247	70	9	36	260	3	235	4.48e-75	228
Pocillopora_acuta_HIv2___RNAseq.g938.t1	NV2t011134001.1	45.570	237	100	8	1	229	1	216	5.08e-50	162
Pocillopora_acuta_HIv2___RNAseq.g616.t1	NV2t011090001.1	80.783	281	45	3	1	280	1	273	1.33e-168	467
Pocillopora_acuta_HIv2___RNAseq.g614.t1	NV2t010728001.1	62.585	294	90	5	1	280	1	288	1.38e-128	367
Pocillopora_acuta_HIv2___RNAseq.g945.t1	NV2t012247002.1	48.795	166	62	5	3	159	15	166	1.74e-40	135
Pocillopora_acuta_HIv2___RNAseq.g10177.t1	NV2t017667001.1	56.566	198	82	2	11	205	13	209	3.31e-71	215
Pocillopora_acuta_HIv2___RNAseq.g9589.t2	NV2t012793001.1	68.217	129	34	4	1	128	32	154	6.13e-51	166
Pocillopora_acuta_HIv2___RNAseq.g26218.t1	NV2t011327001.1	60.227	176	56	4	17	188	6	171	2.46e-62	193
Pocillopora_acuta_HIv2___RNAseq.g23175.t1	NV2t021183001.1	49.186	307	134	8	9	312	13	300	1.77e-78	241
Pocillopora_acuta_HIv2___RNAseq.g3831.t1	NV2t003591002.1	47.807	228	103	7	1	221	10	228	5.44e-45	149
Pocillopora_acuta_HIv2___RNAseq.g3833.t1	NV2t003592001.1	48.819	127	61	2	10	136	2	124	3.61e-31	114
Pocillopora_acuta_HIv2___RNAseq.g4549.t1	NV2t010607001.1	61.877	2088	672	19	16	2042	13	2037	0.0	2517
