#Coverage	Number of genomic locations
0.0	2.59902937E8
1.0	1.7317092E7
2.0	2.3162972E7
3.0	2.4050746E7
4.0	2.3061162E7
5.0	1.208346E7
6.0	1.3454423E7
7.0	5867639.0
8.0	8530021.0
9.0	3656115.0
10.0	4692424.0
11.0	2264091.0
12.0	2528591.0
13.0	1348149.0
14.0	1431093.0
15.0	794142.0
16.0	808123.0
17.0	471614.0
18.0	477278.0
19.0	286290.0
20.0	282058.0
21.0	179415.0
22.0	172842.0
23.0	119771.0
24.0	109080.0
25.0	77618.0
26.0	74773.0
27.0	54514.0
28.0	51061.0
29.0	40889.0
30.0	35821.0
31.0	31352.0
32.0	28746.0
33.0	24230.0
34.0	22260.0
35.0	18810.0
36.0	18783.0
37.0	17268.0
38.0	16220.0
39.0	13972.0
40.0	13721.0
41.0	12739.0
42.0	11970.0
43.0	11233.0
44.0	11011.0
45.0	9782.0
46.0	9712.0
47.0	9119.0
48.0	8936.0
49.0	8477.0
50.0	8424.0
51.0	7769.0
52.0	7635.0
53.0	7289.0
54.0	7462.0
55.0	6681.0
56.0	6811.0
57.0	6470.0
58.0	6589.0
59.0	6117.0
60.0	6190.0
61.0	5958.0
62.0	5829.0
63.0	5435.0
64.0	5573.0
65.0	5360.0
66.0	5386.0
67.0	5119.0
68.0	4837.0
69.0	4575.0
70.0	4748.0
71.0	4461.0
72.0	4558.0
73.0	4224.0
74.0	4427.0
75.0	4309.0
76.0	4153.0
77.0	3973.0
78.0	4145.0
79.0	3839.0
80.0	3777.0
81.0	3900.0
82.0	3914.0
83.0	3629.0
84.0	3692.0
85.0	3611.0
86.0	3676.0
87.0	3533.0
88.0	3584.0
89.0	3409.0
90.0	3499.0
91.0	3266.0
92.0	3164.0
93.0	3106.0
94.0	3132.0
95.0	3063.0
96.0	2957.0
97.0	2897.0
98.0	2958.0
99.0	2751.0
100.0	2747.0
101.0	2840.0
102.0	2920.0
103.0	2842.0
104.0	2832.0
105.0	2652.0
106.0	2491.0
107.0	2423.0
108.0	2563.0
109.0	2528.0
110.0	2551.0
111.0	2549.0
112.0	2394.0
113.0	2304.0
114.0	2398.0
115.0	2444.0
116.0	2337.0
117.0	2352.0
118.0	2356.0
119.0	2177.0
120.0	2261.0
121.0	2145.0
122.0	2207.0
123.0	2107.0
124.0	2161.0
125.0	2125.0
126.0	2144.0
127.0	2251.0
128.0	2144.0
129.0	2046.0
130.0	2114.0
131.0	2066.0
132.0	2095.0
133.0	2002.0
134.0	1997.0
135.0	1938.0
136.0	1870.0
137.0	1919.0
138.0	1892.0
139.0	1927.0
140.0	1801.0
141.0	1810.0
142.0	1811.0
143.0	1859.0
144.0	1856.0
145.0	1697.0
146.0	1812.0
147.0	1793.0
148.0	1755.0
149.0	1663.0
150.0	1716.0
151.0	1665.0
152.0	1678.0
153.0	1676.0
154.0	1641.0
155.0	1526.0
156.0	1623.0
157.0	1629.0
158.0	1501.0
159.0	1491.0
160.0	1462.0
161.0	1476.0
162.0	1436.0
163.0	1477.0
164.0	1399.0
165.0	1399.0
166.0	1374.0
167.0	1364.0
168.0	1264.0
169.0	1340.0
170.0	1376.0
171.0	1304.0
172.0	1229.0
173.0	1279.0
174.0	1271.0
175.0	1245.0
176.0	1243.0
177.0	1231.0
178.0	1221.0
179.0	1290.0
180.0	1182.0
181.0	1159.0
182.0	1179.0
183.0	1166.0
184.0	1298.0
185.0	1157.0
186.0	1144.0
187.0	1189.0
188.0	1243.0
189.0	1237.0
190.0	1152.0
191.0	1137.0
192.0	1160.0
193.0	1107.0
194.0	1160.0
195.0	1117.0
196.0	1046.0
197.0	1119.0
198.0	1074.0
199.0	1128.0
200.0	1176.0
201.0	1162.0
202.0	1159.0
203.0	1032.0
204.0	1072.0
205.0	971.0
206.0	1030.0
207.0	1016.0
208.0	1040.0
209.0	1073.0
210.0	944.0
211.0	965.0
212.0	911.0
213.0	941.0
214.0	922.0
215.0	917.0
216.0	963.0
217.0	931.0
218.0	909.0
219.0	1021.0
220.0	968.0
221.0	886.0
222.0	974.0
223.0	872.0
224.0	810.0
225.0	854.0
226.0	877.0
227.0	864.0
228.0	902.0
229.0	899.0
230.0	768.0
231.0	833.0
232.0	833.0
233.0	820.0
234.0	796.0
235.0	748.0
236.0	808.0
237.0	763.0
238.0	748.0
239.0	812.0
240.0	794.0
241.0	758.0
242.0	749.0
243.0	776.0
244.0	783.0
245.0	737.0
246.0	795.0
247.0	760.0
248.0	665.0
249.0	651.0
250.0	695.0
251.0	745.0
252.0	722.0
253.0	689.0
254.0	733.0
255.0	694.0
256.0	725.0
257.0	692.0
258.0	664.0
259.0	671.0
260.0	667.0
261.0	642.0
262.0	682.0
263.0	630.0
264.0	642.0
265.0	595.0
266.0	542.0
267.0	549.0
268.0	589.0
269.0	564.0
270.0	609.0
271.0	617.0
272.0	539.0
273.0	537.0
274.0	602.0
275.0	532.0
276.0	542.0
277.0	499.0
278.0	584.0
279.0	534.0
280.0	552.0
281.0	512.0
282.0	559.0
283.0	509.0
284.0	531.0
285.0	537.0
286.0	539.0
287.0	501.0
288.0	540.0
289.0	502.0
290.0	529.0
291.0	509.0
292.0	460.0
293.0	529.0
294.0	513.0
295.0	543.0
296.0	473.0
297.0	486.0
298.0	445.0
299.0	520.0
300.0	440.0
301.0	475.0
302.0	482.0
303.0	485.0
304.0	506.0
305.0	495.0
306.0	456.0
307.0	467.0
308.0	443.0
309.0	430.0
310.0	425.0
311.0	406.0
312.0	451.0
313.0	425.0
314.0	457.0
315.0	453.0
316.0	445.0
317.0	452.0
318.0	471.0
319.0	419.0
320.0	407.0
321.0	410.0
322.0	418.0
323.0	358.0
324.0	387.0
325.0	413.0
326.0	393.0
327.0	407.0
328.0	402.0
329.0	397.0
330.0	424.0
331.0	376.0
332.0	366.0
333.0	407.0
334.0	371.0
335.0	378.0
336.0	396.0
337.0	385.0
338.0	387.0
339.0	386.0
340.0	356.0
341.0	418.0
342.0	400.0
343.0	375.0
344.0	346.0
345.0	358.0
346.0	389.0
347.0	335.0
348.0	361.0
349.0	348.0
350.0	340.0
351.0	351.0
352.0	320.0
353.0	316.0
354.0	306.0
355.0	316.0
356.0	328.0
357.0	330.0
358.0	348.0
359.0	327.0
360.0	334.0
361.0	307.0
362.0	297.0
363.0	309.0
364.0	274.0
365.0	333.0
366.0	281.0
367.0	301.0
368.0	366.0
369.0	294.0
370.0	261.0
371.0	329.0
372.0	298.0
373.0	263.0
374.0	283.0
375.0	290.0
376.0	276.0
377.0	294.0
378.0	286.0
379.0	308.0
380.0	281.0
381.0	292.0
382.0	262.0
383.0	280.0
384.0	262.0
385.0	275.0
386.0	303.0
387.0	297.0
388.0	260.0
389.0	283.0
390.0	249.0
391.0	320.0
392.0	299.0
393.0	303.0
394.0	264.0
395.0	271.0
396.0	279.0
397.0	286.0
398.0	295.0
399.0	260.0
400.0	263.0
401.0	221.0
402.0	237.0
403.0	228.0
404.0	282.0
405.0	282.0
406.0	218.0
407.0	266.0
408.0	222.0
409.0	201.0
410.0	232.0
411.0	206.0
412.0	246.0
413.0	262.0
414.0	232.0
415.0	228.0
416.0	217.0
417.0	219.0
418.0	208.0
419.0	223.0
420.0	227.0
421.0	231.0
422.0	198.0
423.0	199.0
424.0	239.0
425.0	223.0
426.0	214.0
427.0	231.0
428.0	222.0
429.0	241.0
430.0	223.0
431.0	225.0
432.0	217.0
433.0	196.0
434.0	227.0
435.0	258.0
436.0	227.0
437.0	197.0
438.0	207.0
439.0	210.0
440.0	195.0
441.0	200.0
442.0	237.0
443.0	226.0
444.0	236.0
445.0	197.0
446.0	225.0
447.0	180.0
448.0	222.0
449.0	212.0
450.0	203.0
451.0	205.0
452.0	214.0
453.0	201.0
454.0	207.0
455.0	227.0
456.0	177.0
457.0	201.0
458.0	200.0
459.0	182.0
460.0	198.0
461.0	190.0
462.0	181.0
463.0	190.0
464.0	197.0
465.0	186.0
466.0	200.0
467.0	176.0
468.0	188.0
469.0	163.0
470.0	190.0
471.0	210.0
472.0	204.0
473.0	200.0
474.0	165.0
475.0	195.0
476.0	177.0
477.0	172.0
478.0	160.0
479.0	183.0
480.0	168.0
481.0	191.0
482.0	224.0
483.0	187.0
484.0	189.0
485.0	202.0
486.0	191.0
487.0	220.0
488.0	161.0
489.0	168.0
490.0	199.0
491.0	163.0
492.0	146.0
493.0	194.0
494.0	195.0
495.0	162.0
496.0	168.0
497.0	140.0
498.0	152.0
499.0	180.0
500.0	139.0
501.0	150.0
502.0	164.0
503.0	145.0
504.0	156.0
505.0	135.0
506.0	136.0
507.0	149.0
508.0	141.0
509.0	154.0
510.0	149.0
511.0	149.0
512.0	128.0
513.0	137.0
514.0	154.0
515.0	184.0
516.0	149.0
517.0	155.0
518.0	157.0
519.0	153.0
520.0	149.0
521.0	159.0
522.0	169.0
523.0	138.0
524.0	177.0
525.0	149.0
526.0	146.0
527.0	147.0
528.0	153.0
529.0	159.0
530.0	140.0
531.0	126.0
532.0	122.0
533.0	125.0
534.0	152.0
535.0	122.0
536.0	133.0
537.0	126.0
538.0	120.0
539.0	132.0
540.0	126.0
541.0	111.0
542.0	113.0
543.0	118.0
544.0	111.0
545.0	122.0
546.0	100.0
547.0	114.0
548.0	110.0
549.0	126.0
550.0	106.0
551.0	102.0
552.0	109.0
553.0	101.0
554.0	129.0
555.0	123.0
556.0	104.0
557.0	116.0
558.0	113.0
559.0	122.0
560.0	124.0
561.0	103.0
562.0	110.0
563.0	98.0
564.0	122.0
565.0	109.0
566.0	94.0
567.0	115.0
568.0	84.0
569.0	100.0
570.0	127.0
571.0	89.0
572.0	90.0
573.0	89.0
574.0	91.0
575.0	103.0
576.0	90.0
577.0	85.0
578.0	123.0
579.0	92.0
580.0	84.0
581.0	113.0
582.0	87.0
583.0	91.0
584.0	93.0
585.0	99.0
586.0	86.0
587.0	83.0
588.0	92.0
589.0	86.0
590.0	101.0
591.0	95.0
592.0	84.0
593.0	99.0
594.0	83.0
595.0	95.0
596.0	86.0
597.0	77.0
598.0	85.0
599.0	76.0
600.0	97.0
601.0	88.0
602.0	79.0
603.0	82.0
604.0	87.0
605.0	88.0
606.0	87.0
607.0	108.0
608.0	82.0
609.0	128.0
610.0	98.0
611.0	79.0
612.0	87.0
613.0	95.0
614.0	89.0
615.0	93.0
616.0	110.0
617.0	81.0
618.0	87.0
619.0	101.0
620.0	82.0
621.0	85.0
622.0	80.0
623.0	87.0
624.0	101.0
625.0	91.0
626.0	113.0
627.0	95.0
628.0	98.0
629.0	99.0
630.0	95.0
631.0	84.0
632.0	101.0
633.0	104.0
634.0	110.0
635.0	96.0
636.0	99.0
637.0	95.0
638.0	93.0
639.0	101.0
640.0	89.0
641.0	107.0
642.0	98.0
643.0	108.0
644.0	87.0
645.0	70.0
646.0	84.0
647.0	90.0
648.0	86.0
649.0	60.0
650.0	85.0
651.0	74.0
652.0	87.0
653.0	71.0
654.0	72.0
655.0	87.0
656.0	78.0
657.0	76.0
658.0	74.0
659.0	83.0
660.0	72.0
661.0	92.0
662.0	74.0
663.0	66.0
664.0	75.0
665.0	78.0
666.0	86.0
667.0	64.0
668.0	77.0
669.0	56.0
670.0	63.0
671.0	91.0
672.0	65.0
673.0	78.0
674.0	58.0
675.0	81.0
676.0	66.0
677.0	72.0
678.0	74.0
679.0	80.0
680.0	85.0
681.0	76.0
682.0	86.0
683.0	92.0
684.0	87.0
685.0	73.0
686.0	86.0
687.0	82.0
688.0	76.0
689.0	86.0
690.0	80.0
691.0	83.0
692.0	84.0
693.0	81.0
694.0	76.0
695.0	86.0
696.0	70.0
697.0	63.0
698.0	78.0
699.0	78.0
700.0	70.0
701.0	62.0
702.0	76.0
703.0	74.0
704.0	99.0
705.0	83.0
706.0	82.0
707.0	80.0
708.0	79.0
709.0	79.0
710.0	75.0
711.0	66.0
712.0	79.0
713.0	70.0
714.0	70.0
715.0	58.0
716.0	77.0
717.0	84.0
718.0	69.0
719.0	74.0
720.0	60.0
721.0	68.0
722.0	67.0
723.0	67.0
724.0	70.0
725.0	62.0
726.0	61.0
727.0	76.0
728.0	63.0
729.0	64.0
730.0	61.0
731.0	61.0
732.0	68.0
733.0	68.0
734.0	76.0
735.0	61.0
736.0	64.0
737.0	64.0
738.0	65.0
739.0	60.0
740.0	64.0
741.0	60.0
742.0	59.0
743.0	58.0
744.0	57.0
745.0	40.0
746.0	52.0
747.0	69.0
748.0	66.0
749.0	42.0
750.0	61.0
751.0	54.0
752.0	59.0
753.0	50.0
754.0	47.0
755.0	51.0
756.0	58.0
757.0	38.0
758.0	57.0
759.0	56.0
760.0	52.0
761.0	55.0
762.0	44.0
763.0	49.0
764.0	62.0
765.0	55.0
766.0	56.0
767.0	64.0
768.0	72.0
769.0	49.0
770.0	46.0
771.0	51.0
772.0	50.0
773.0	57.0
774.0	53.0
775.0	41.0
776.0	44.0
777.0	51.0
778.0	57.0
779.0	49.0
780.0	45.0
781.0	60.0
782.0	52.0
783.0	51.0
784.0	63.0
785.0	56.0
786.0	53.0
787.0	59.0
788.0	53.0
789.0	45.0
790.0	55.0
791.0	54.0
792.0	35.0
793.0	66.0
794.0	63.0
795.0	54.0
796.0	49.0
797.0	60.0
798.0	51.0
799.0	42.0
800.0	45.0
801.0	61.0
802.0	53.0
803.0	41.0
804.0	53.0
805.0	67.0
806.0	50.0
807.0	68.0
808.0	56.0
809.0	39.0
810.0	57.0
811.0	51.0
812.0	57.0
813.0	60.0
814.0	58.0
815.0	55.0
816.0	60.0
817.0	40.0
818.0	45.0
819.0	41.0
820.0	48.0
821.0	54.0
822.0	41.0
823.0	38.0
824.0	35.0
825.0	50.0
826.0	55.0
827.0	50.0
828.0	41.0
829.0	42.0
830.0	49.0
831.0	32.0
832.0	35.0
833.0	36.0
834.0	35.0
835.0	45.0
836.0	37.0
837.0	34.0
838.0	46.0
839.0	37.0
840.0	45.0
841.0	40.0
842.0	46.0
843.0	34.0
844.0	43.0
845.0	36.0
846.0	35.0
847.0	35.0
848.0	42.0
849.0	38.0
850.0	32.0
851.0	45.0
852.0	32.0
853.0	33.0
854.0	30.0
855.0	31.0
856.0	47.0
857.0	32.0
858.0	38.0
859.0	36.0
860.0	48.0
861.0	26.0
862.0	43.0
863.0	41.0
864.0	30.0
865.0	45.0
866.0	29.0
867.0	48.0
868.0	35.0
869.0	29.0
870.0	31.0
871.0	49.0
872.0	32.0
873.0	42.0
874.0	41.0
875.0	34.0
876.0	37.0
877.0	44.0
878.0	44.0
879.0	39.0
880.0	37.0
881.0	49.0
882.0	38.0
883.0	34.0
884.0	36.0
885.0	40.0
886.0	32.0
887.0	38.0
888.0	47.0
889.0	41.0
890.0	36.0
891.0	33.0
892.0	32.0
893.0	46.0
894.0	28.0
895.0	28.0
896.0	33.0
897.0	23.0
898.0	30.0
899.0	26.0
900.0	34.0
901.0	39.0
902.0	36.0
903.0	36.0
904.0	35.0
905.0	35.0
906.0	41.0
907.0	42.0
908.0	42.0
909.0	38.0
910.0	35.0
911.0	48.0
912.0	46.0
913.0	33.0
914.0	42.0
915.0	33.0
916.0	31.0
917.0	33.0
918.0	41.0
919.0	40.0
920.0	51.0
921.0	42.0
922.0	17.0
923.0	44.0
924.0	35.0
925.0	25.0
926.0	32.0
927.0	31.0
928.0	35.0
929.0	26.0
930.0	29.0
931.0	26.0
932.0	33.0
933.0	32.0
934.0	34.0
935.0	38.0
936.0	34.0
937.0	37.0
938.0	27.0
939.0	36.0
940.0	41.0
941.0	38.0
942.0	42.0
943.0	37.0
944.0	31.0
945.0	45.0
946.0	31.0
947.0	45.0
948.0	33.0
949.0	29.0
950.0	21.0
951.0	25.0
952.0	34.0
953.0	31.0
954.0	29.0
955.0	26.0
956.0	28.0
957.0	37.0
958.0	31.0
959.0	35.0
960.0	34.0
961.0	32.0
962.0	35.0
963.0	43.0
964.0	32.0
965.0	45.0
966.0	42.0
967.0	32.0
968.0	30.0
969.0	32.0
970.0	18.0
971.0	32.0
972.0	26.0
973.0	24.0
974.0	32.0
975.0	34.0
976.0	28.0
977.0	26.0
978.0	23.0
979.0	26.0
980.0	31.0
981.0	36.0
982.0	21.0
983.0	32.0
984.0	26.0
985.0	31.0
986.0	38.0
987.0	26.0
988.0	24.0
989.0	24.0
990.0	25.0
991.0	25.0
992.0	39.0
993.0	33.0
994.0	39.0
995.0	25.0
996.0	27.0
997.0	35.0
998.0	37.0
999.0	31.0
1000.0	28.0
1001.0	37.0
1002.0	39.0
1003.0	36.0
1004.0	38.0
1005.0	41.0
1006.0	42.0
1007.0	39.0
1008.0	24.0
1009.0	31.0
1010.0	39.0
1011.0	35.0
1012.0	37.0
1013.0	32.0
1014.0	27.0
1015.0	30.0
1016.0	30.0
1017.0	35.0
1018.0	18.0
1019.0	36.0
1020.0	35.0
1021.0	32.0
1022.0	16.0
1023.0	27.0
1024.0	43.0
1025.0	24.0
1026.0	23.0
1027.0	28.0
1028.0	29.0
1029.0	36.0
1030.0	41.0
1031.0	18.0
1032.0	22.0
1033.0	28.0
1034.0	27.0
1035.0	27.0
1036.0	25.0
1037.0	15.0
1038.0	18.0
1039.0	32.0
1040.0	28.0
1041.0	22.0
1042.0	38.0
1043.0	28.0
1044.0	25.0
1045.0	43.0
1046.0	33.0
1047.0	26.0
1048.0	25.0
1049.0	23.0
1050.0	31.0
1051.0	25.0
1052.0	30.0
1053.0	34.0
1054.0	26.0
1055.0	20.0
1056.0	20.0
1057.0	32.0
1058.0	34.0
1059.0	37.0
1060.0	32.0
1061.0	26.0
1062.0	30.0
1063.0	25.0
1064.0	33.0
1065.0	38.0
1066.0	44.0
1067.0	45.0
1068.0	40.0
1069.0	32.0
1070.0	31.0
1071.0	28.0
1072.0	44.0
1073.0	40.0
1074.0	40.0
1075.0	39.0
1076.0	40.0
1077.0	27.0
1078.0	29.0
1079.0	38.0
1080.0	37.0
1081.0	38.0
1082.0	42.0
1083.0	38.0
1084.0	31.0
1085.0	42.0
1086.0	38.0
1087.0	46.0
1088.0	31.0
1089.0	36.0
1090.0	34.0
1091.0	37.0
1092.0	34.0
1093.0	30.0
1094.0	35.0
1095.0	26.0
1096.0	28.0
1097.0	28.0
1098.0	25.0
1099.0	22.0
1100.0	36.0
1101.0	33.0
1102.0	29.0
1103.0	25.0
1104.0	30.0
1105.0	31.0
1106.0	28.0
1107.0	23.0
1108.0	36.0
1109.0	35.0
1110.0	27.0
1111.0	29.0
1112.0	23.0
1113.0	27.0
1114.0	22.0
1115.0	29.0
1116.0	31.0
1117.0	36.0
1118.0	30.0
1119.0	40.0
1120.0	33.0
1121.0	30.0
1122.0	33.0
1123.0	39.0
1124.0	29.0
1125.0	29.0
1126.0	34.0
1127.0	36.0
1128.0	33.0
1129.0	35.0
1130.0	40.0
1131.0	37.0
1132.0	29.0
1133.0	34.0
1134.0	27.0
1135.0	35.0
1136.0	28.0
1137.0	23.0
1138.0	33.0
1139.0	39.0
1140.0	27.0
1141.0	26.0
1142.0	38.0
1143.0	33.0
1144.0	28.0
1145.0	22.0
1146.0	31.0
1147.0	33.0
1148.0	26.0
1149.0	24.0
1150.0	28.0
1151.0	28.0
1152.0	26.0
1153.0	25.0
1154.0	36.0
1155.0	37.0
1156.0	28.0
1157.0	23.0
1158.0	29.0
1159.0	30.0
1160.0	35.0
1161.0	24.0
1162.0	17.0
1163.0	30.0
1164.0	19.0
1165.0	23.0
1166.0	21.0
1167.0	27.0
1168.0	26.0
1169.0	31.0
1170.0	36.0
1171.0	20.0
1172.0	20.0
1173.0	21.0
1174.0	31.0
1175.0	22.0
1176.0	31.0
1177.0	23.0
1178.0	23.0
1179.0	24.0
1180.0	33.0
1181.0	25.0
1182.0	26.0
1183.0	24.0
1184.0	29.0
1185.0	32.0
1186.0	17.0
1187.0	23.0
1188.0	33.0
1189.0	16.0
1190.0	32.0
1191.0	31.0
1192.0	16.0
1193.0	33.0
1194.0	32.0
1195.0	27.0
1196.0	22.0
1197.0	34.0
1198.0	31.0
1199.0	26.0
1200.0	29.0
1201.0	27.0
1202.0	39.0
1203.0	29.0
1204.0	34.0
1205.0	26.0
1206.0	22.0
1207.0	25.0
1208.0	19.0
1209.0	18.0
1210.0	22.0
1211.0	30.0
1212.0	25.0
1213.0	17.0
1214.0	15.0
1215.0	19.0
1216.0	27.0
1217.0	31.0
1218.0	26.0
1219.0	33.0
1220.0	34.0
1221.0	27.0
1222.0	23.0
1223.0	22.0
1224.0	18.0
1225.0	25.0
1226.0	15.0
1227.0	19.0
1228.0	26.0
1229.0	23.0
1230.0	29.0
1231.0	28.0
1232.0	24.0
1233.0	19.0
1234.0	27.0
1235.0	30.0
1236.0	19.0
1237.0	29.0
1238.0	20.0
1239.0	25.0
1240.0	21.0
1241.0	29.0
1242.0	18.0
1243.0	31.0
1244.0	17.0
1245.0	25.0
1246.0	25.0
1247.0	20.0
1248.0	21.0
1249.0	19.0
1250.0	26.0
1251.0	22.0
1252.0	18.0
1253.0	19.0
1254.0	17.0
1255.0	35.0
1256.0	16.0
1257.0	27.0
1258.0	22.0
1259.0	15.0
1260.0	20.0
1261.0	23.0
1262.0	23.0
1263.0	25.0
1264.0	15.0
1265.0	19.0
1266.0	17.0
1267.0	24.0
1268.0	24.0
1269.0	18.0
1270.0	11.0
1271.0	25.0
1272.0	14.0
1273.0	11.0
1274.0	29.0
1275.0	17.0
1276.0	24.0
1277.0	20.0
1278.0	20.0
1279.0	21.0
1280.0	21.0
1281.0	15.0
1282.0	23.0
1283.0	24.0
1284.0	16.0
1285.0	24.0
1286.0	11.0
1287.0	19.0
1288.0	24.0
1289.0	16.0
1290.0	27.0
1291.0	20.0
1292.0	24.0
1293.0	10.0
1294.0	19.0
1295.0	28.0
1296.0	15.0
1297.0	22.0
1298.0	19.0
1299.0	22.0
1300.0	15.0
1301.0	18.0
1302.0	26.0
1303.0	12.0
1304.0	15.0
1305.0	27.0
1306.0	13.0
1307.0	15.0
1308.0	26.0
1309.0	24.0
1310.0	23.0
1311.0	21.0
1312.0	22.0
1313.0	12.0
1314.0	17.0
1315.0	21.0
1316.0	16.0
1317.0	19.0
1318.0	15.0
1319.0	12.0
1320.0	22.0
1321.0	23.0
1322.0	22.0
1323.0	16.0
1324.0	24.0
1325.0	18.0
1326.0	28.0
1327.0	19.0
1328.0	19.0
1329.0	16.0
1330.0	15.0
1331.0	22.0
1332.0	16.0
1333.0	20.0
1334.0	11.0
1335.0	20.0
1336.0	16.0
1337.0	17.0
1338.0	13.0
1339.0	21.0
1340.0	12.0
1341.0	22.0
1342.0	15.0
1343.0	19.0
1344.0	13.0
1345.0	11.0
1346.0	19.0
1347.0	18.0
1348.0	16.0
1349.0	16.0
1350.0	16.0
1351.0	20.0
1352.0	19.0
1353.0	17.0
1354.0	20.0
1355.0	7.0
1356.0	12.0
1357.0	21.0
1358.0	10.0
1359.0	12.0
1360.0	18.0
1361.0	21.0
1362.0	10.0
1363.0	14.0
1364.0	13.0
1365.0	17.0
1366.0	25.0
1367.0	14.0
1368.0	20.0
1369.0	15.0
1370.0	15.0
1371.0	16.0
1372.0	16.0
1373.0	22.0
1374.0	23.0
1375.0	23.0
1376.0	22.0
1377.0	22.0
1378.0	17.0
1379.0	15.0
1380.0	22.0
1381.0	20.0
1382.0	19.0
1383.0	21.0
1384.0	18.0
1385.0	18.0
1386.0	18.0
1387.0	28.0
1388.0	20.0
1389.0	21.0
1390.0	21.0
1391.0	13.0
1392.0	22.0
1393.0	14.0
1394.0	14.0
1395.0	20.0
1396.0	15.0
1397.0	18.0
1398.0	18.0
1399.0	13.0
1400.0	8.0
1401.0	20.0
1402.0	19.0
1403.0	19.0
1404.0	12.0
1405.0	14.0
1406.0	10.0
1407.0	15.0
1408.0	22.0
1409.0	9.0
1410.0	18.0
1411.0	15.0
1412.0	15.0
1413.0	18.0
1414.0	13.0
1415.0	12.0
1416.0	12.0
1417.0	21.0
1418.0	14.0
1419.0	24.0
1420.0	13.0
1421.0	14.0
1422.0	16.0
1423.0	22.0
1424.0	20.0
1425.0	13.0
1426.0	14.0
1427.0	18.0
1428.0	12.0
1429.0	18.0
1430.0	15.0
1431.0	8.0
1432.0	13.0
1433.0	18.0
1434.0	10.0
1435.0	24.0
1436.0	18.0
1437.0	16.0
1438.0	20.0
1439.0	14.0
1440.0	15.0
1441.0	24.0
1442.0	21.0
1443.0	22.0
1444.0	29.0
1445.0	19.0
1446.0	21.0
1447.0	18.0
1448.0	23.0
1449.0	15.0
1450.0	19.0
1451.0	17.0
1452.0	23.0
1453.0	22.0
1454.0	15.0
1455.0	20.0
1456.0	22.0
1457.0	23.0
1458.0	12.0
1459.0	10.0
1460.0	12.0
1461.0	10.0
1462.0	10.0
1463.0	20.0
1464.0	20.0
1465.0	23.0
1466.0	16.0
1467.0	17.0
1468.0	19.0
1469.0	18.0
1470.0	15.0
1471.0	6.0
1472.0	17.0
1473.0	11.0
1474.0	21.0
1475.0	23.0
1476.0	19.0
1477.0	18.0
1478.0	14.0
1479.0	18.0
1480.0	12.0
1481.0	15.0
1482.0	16.0
1483.0	11.0
1484.0	9.0
1485.0	22.0
1486.0	15.0
1487.0	16.0
1488.0	12.0
1489.0	15.0
1490.0	13.0
1491.0	20.0
1492.0	10.0
1493.0	12.0
1494.0	11.0
1495.0	19.0
1496.0	14.0
1497.0	22.0
1498.0	16.0
1499.0	14.0
1500.0	18.0
1501.0	16.0
1502.0	16.0
1503.0	15.0
1504.0	14.0
1505.0	18.0
1506.0	13.0
1507.0	15.0
1508.0	17.0
1509.0	20.0
1510.0	23.0
1511.0	23.0
1512.0	17.0
1513.0	26.0
1514.0	20.0
1515.0	18.0
1516.0	20.0
1517.0	15.0
1518.0	15.0
1519.0	13.0
1520.0	26.0
1521.0	17.0
1522.0	23.0
1523.0	15.0
1524.0	14.0
1525.0	22.0
1526.0	16.0
1527.0	16.0
1528.0	14.0
1529.0	16.0
1530.0	13.0
1531.0	12.0
1532.0	18.0
1533.0	16.0
1534.0	17.0
1535.0	16.0
1536.0	10.0
1537.0	12.0
1538.0	22.0
1539.0	24.0
1540.0	13.0
1541.0	19.0
1542.0	18.0
1543.0	12.0
1544.0	21.0
1545.0	18.0
1546.0	12.0
1547.0	18.0
1548.0	21.0
1549.0	17.0
1550.0	9.0
1551.0	20.0
1552.0	21.0
1553.0	16.0
1554.0	12.0
1555.0	13.0
1556.0	22.0
1557.0	13.0
1558.0	19.0
1559.0	17.0
1560.0	16.0
1561.0	16.0
1562.0	19.0
1563.0	19.0
1564.0	14.0
1565.0	12.0
1566.0	14.0
1567.0	14.0
1568.0	19.0
1569.0	20.0
1570.0	14.0
1571.0	11.0
1572.0	11.0
1573.0	14.0
1574.0	23.0
1575.0	10.0
1576.0	17.0
1577.0	12.0
1578.0	14.0
1579.0	15.0
1580.0	15.0
1581.0	13.0
1582.0	19.0
1583.0	13.0
1584.0	22.0
1585.0	10.0
1586.0	14.0
1587.0	9.0
1588.0	15.0
1589.0	13.0
1590.0	9.0
1591.0	13.0
1592.0	19.0
1593.0	10.0
1594.0	19.0
1595.0	17.0
1596.0	10.0
1597.0	18.0
1598.0	8.0
1599.0	18.0
1600.0	24.0
1601.0	11.0
1602.0	14.0
1603.0	13.0
1604.0	17.0
1605.0	15.0
1606.0	11.0
1607.0	18.0
1608.0	17.0
1609.0	17.0
1610.0	23.0
1611.0	21.0
1612.0	26.0
1613.0	14.0
1614.0	17.0
1615.0	18.0
1616.0	22.0
1617.0	20.0
1618.0	14.0
1619.0	14.0
1620.0	15.0
1621.0	9.0
1622.0	16.0
1623.0	13.0
1624.0	8.0
1625.0	11.0
1626.0	15.0
1627.0	14.0
1628.0	16.0
1629.0	17.0
1630.0	13.0
1631.0	8.0
1632.0	14.0
1633.0	21.0
1634.0	16.0
1635.0	10.0
1636.0	19.0
1637.0	18.0
1638.0	17.0
1639.0	9.0
1640.0	19.0
1641.0	15.0
1642.0	17.0
1643.0	12.0
1644.0	14.0
1645.0	18.0
1646.0	14.0
1647.0	17.0
1648.0	16.0
1649.0	17.0
1650.0	11.0
1651.0	17.0
1652.0	15.0
1653.0	17.0
1654.0	11.0
1655.0	17.0
1656.0	10.0
1657.0	15.0
1658.0	12.0
1659.0	18.0
1660.0	17.0
1661.0	11.0
1662.0	13.0
1663.0	14.0
1664.0	11.0
1665.0	9.0
1666.0	10.0
1667.0	15.0
1668.0	11.0
1669.0	13.0
1670.0	14.0
1671.0	14.0
1672.0	14.0
1673.0	11.0
1674.0	11.0
1675.0	8.0
1676.0	9.0
1677.0	12.0
1678.0	7.0
1679.0	16.0
1680.0	9.0
1681.0	14.0
1682.0	9.0
1683.0	10.0
1684.0	15.0
1685.0	16.0
1686.0	12.0
1687.0	17.0
1688.0	9.0
1689.0	10.0
1690.0	14.0
1691.0	11.0
1692.0	12.0
1693.0	13.0
1694.0	10.0
1695.0	6.0
1696.0	20.0
1697.0	11.0
1698.0	16.0
1699.0	14.0
1700.0	14.0
1701.0	17.0
1702.0	14.0
1703.0	10.0
1704.0	13.0
1705.0	16.0
1706.0	9.0
1707.0	17.0
1708.0	17.0
1709.0	12.0
1710.0	11.0
1711.0	21.0
1712.0	17.0
1713.0	13.0
1714.0	14.0
1715.0	19.0
1716.0	11.0
1717.0	15.0
1718.0	15.0
1719.0	13.0
1720.0	19.0
1721.0	7.0
1722.0	14.0
1723.0	16.0
1724.0	13.0
1725.0	17.0
1726.0	15.0
1727.0	10.0
1728.0	10.0
1729.0	11.0
1730.0	12.0
1731.0	12.0
1732.0	6.0
1733.0	10.0
1734.0	7.0
1735.0	14.0
1736.0	11.0
1737.0	7.0
1738.0	12.0
1739.0	20.0
1740.0	12.0
1741.0	12.0
1742.0	14.0
1743.0	12.0
1744.0	17.0
1745.0	16.0
1746.0	9.0
1747.0	7.0
1748.0	13.0
1749.0	9.0
1750.0	15.0
1751.0	10.0
1752.0	14.0
1753.0	16.0
1754.0	8.0
1755.0	13.0
1756.0	9.0
1757.0	14.0
1758.0	8.0
1759.0	9.0
1760.0	10.0
1761.0	6.0
1762.0	9.0
1763.0	7.0
1764.0	4.0
1765.0	11.0
1766.0	10.0
1767.0	7.0
1768.0	12.0
1769.0	11.0
1770.0	6.0
1771.0	12.0
1772.0	9.0
1773.0	12.0
1774.0	7.0
1775.0	15.0
1776.0	11.0
1777.0	7.0
1778.0	10.0
1779.0	9.0
1780.0	9.0
1781.0	8.0
1782.0	7.0
1783.0	12.0
1784.0	7.0
1785.0	10.0
1786.0	5.0
1787.0	14.0
1788.0	13.0
1789.0	5.0
1790.0	11.0
1791.0	6.0
1792.0	8.0
1793.0	11.0
1794.0	13.0
1795.0	9.0
1796.0	12.0
1797.0	8.0
1798.0	14.0
1799.0	13.0
1800.0	7.0
1801.0	11.0
1802.0	11.0
1803.0	10.0
1804.0	6.0
1805.0	11.0
1806.0	13.0
1807.0	11.0
1808.0	13.0
1809.0	11.0
1810.0	15.0
1811.0	10.0
1812.0	14.0
1813.0	16.0
1814.0	1.0
1815.0	13.0
1816.0	9.0
1817.0	11.0
1818.0	6.0
1819.0	5.0
1820.0	11.0
1821.0	13.0
1822.0	9.0
1823.0	13.0
1824.0	18.0
1825.0	12.0
1826.0	7.0
1827.0	7.0
1828.0	10.0
1829.0	12.0
1830.0	8.0
1831.0	14.0
1832.0	15.0
1833.0	8.0
1834.0	14.0
1835.0	9.0
1836.0	15.0
1837.0	16.0
1838.0	9.0
1839.0	13.0
1840.0	18.0
1841.0	13.0
1842.0	10.0
1843.0	12.0
1844.0	18.0
1845.0	11.0
1846.0	12.0
1847.0	7.0
1848.0	9.0
1849.0	10.0
1850.0	7.0
1851.0	9.0
1852.0	14.0
1853.0	10.0
1854.0	9.0
1855.0	12.0
1856.0	18.0
1857.0	18.0
1858.0	8.0
1859.0	12.0
1860.0	15.0
1861.0	6.0
1862.0	14.0
1863.0	8.0
1864.0	14.0
1865.0	13.0
1866.0	10.0
1867.0	10.0
1868.0	16.0
1869.0	9.0
1870.0	18.0
1871.0	15.0
1872.0	11.0
1873.0	11.0
1874.0	13.0
1875.0	16.0
1876.0	8.0
1877.0	17.0
1878.0	17.0
1879.0	17.0
1880.0	12.0
1881.0	13.0
1882.0	12.0
1883.0	8.0
1884.0	18.0
1885.0	9.0
1886.0	10.0
1887.0	6.0
1888.0	10.0
1889.0	7.0
1890.0	15.0
1891.0	14.0
1892.0	11.0
1893.0	21.0
1894.0	12.0
1895.0	17.0
1896.0	7.0
1897.0	11.0
1898.0	14.0
1899.0	6.0
1900.0	12.0
1901.0	7.0
1902.0	8.0
1903.0	13.0
1904.0	13.0
1905.0	12.0
1906.0	17.0
1907.0	13.0
1908.0	17.0
1909.0	16.0
1910.0	7.0
1911.0	19.0
1912.0	7.0
1913.0	10.0
1914.0	9.0
1915.0	4.0
1916.0	7.0
1917.0	13.0
1918.0	12.0
1919.0	12.0
1920.0	9.0
1921.0	14.0
1922.0	9.0
1923.0	9.0
1924.0	10.0
1925.0	9.0
1926.0	9.0
1927.0	10.0
1928.0	18.0
1929.0	10.0
1930.0	10.0
1931.0	13.0
1932.0	12.0
1933.0	10.0
1934.0	12.0
1935.0	9.0
1936.0	10.0
1937.0	11.0
1938.0	13.0
1939.0	9.0
1940.0	7.0
1941.0	14.0
1942.0	5.0
1943.0	9.0
1944.0	12.0
1945.0	11.0
1946.0	14.0
1947.0	7.0
1948.0	14.0
1949.0	9.0
1950.0	12.0
1951.0	13.0
1952.0	5.0
1953.0	15.0
1954.0	12.0
1955.0	7.0
1956.0	8.0
1957.0	5.0
1958.0	8.0
1959.0	11.0
1960.0	16.0
1961.0	9.0
1962.0	6.0
1963.0	6.0
1964.0	8.0
1965.0	10.0
1966.0	11.0
1967.0	8.0
1968.0	13.0
1969.0	10.0
1970.0	8.0
1971.0	6.0
1972.0	12.0
1973.0	11.0
1974.0	7.0
1975.0	5.0
1976.0	9.0
1977.0	6.0
1978.0	8.0
1979.0	5.0
1980.0	8.0
1981.0	13.0
1982.0	5.0
1983.0	3.0
1984.0	7.0
1985.0	7.0
1986.0	7.0
1987.0	9.0
1988.0	9.0
1989.0	6.0
1990.0	11.0
1991.0	9.0
1992.0	8.0
1993.0	1.0
1994.0	7.0
1995.0	10.0
1996.0	6.0
1997.0	8.0
1998.0	3.0
1999.0	9.0
2000.0	8.0
2001.0	8.0
2002.0	7.0
2003.0	10.0
2004.0	12.0
2005.0	8.0
2006.0	8.0
2007.0	6.0
2008.0	6.0
2009.0	6.0
2010.0	8.0
2011.0	3.0
2012.0	10.0
2013.0	8.0
2014.0	10.0
2015.0	4.0
2016.0	12.0
2017.0	8.0
2018.0	9.0
2019.0	6.0
2020.0	7.0
2021.0	8.0
2022.0	9.0
2023.0	7.0
2024.0	5.0
2025.0	8.0
2026.0	5.0
2027.0	9.0
2028.0	7.0
2029.0	6.0
2030.0	6.0
2031.0	10.0
2032.0	11.0
2033.0	6.0
2034.0	10.0
2035.0	4.0
2036.0	3.0
2037.0	6.0
2038.0	13.0
2039.0	5.0
2040.0	4.0
2041.0	7.0
2042.0	11.0
2043.0	6.0
2044.0	7.0
2045.0	8.0
2046.0	15.0
2047.0	8.0
2048.0	15.0
2049.0	7.0
2050.0	8.0
2051.0	10.0
2052.0	6.0
2053.0	5.0
2054.0	11.0
2055.0	9.0
2056.0	7.0
2057.0	13.0
2058.0	7.0
2059.0	5.0
2060.0	16.0
2061.0	9.0
2062.0	9.0
2063.0	17.0
2064.0	17.0
2065.0	13.0
2066.0	12.0
2067.0	8.0
2068.0	15.0
2069.0	8.0
2070.0	13.0
2071.0	7.0
2072.0	7.0
2073.0	10.0
2074.0	9.0
2075.0	7.0
2076.0	9.0
2077.0	5.0
2078.0	9.0
2079.0	6.0
2080.0	6.0
2081.0	8.0
2082.0	2.0
2083.0	7.0
2084.0	2.0
2085.0	4.0
2086.0	10.0
2087.0	11.0
2088.0	3.0
2089.0	11.0
2090.0	9.0
2091.0	5.0
2092.0	5.0
2093.0	4.0
2094.0	12.0
2095.0	4.0
2096.0	9.0
2097.0	13.0
2098.0	6.0
2099.0	4.0
2100.0	8.0
2101.0	13.0
2102.0	6.0
2103.0	8.0
2104.0	5.0
2105.0	8.0
2106.0	9.0
2107.0	6.0
2108.0	4.0
2109.0	9.0
2110.0	5.0
2111.0	8.0
2112.0	4.0
2113.0	9.0
2114.0	6.0
2115.0	12.0
2116.0	10.0
2117.0	11.0
2118.0	7.0
2119.0	8.0
2120.0	13.0
2121.0	10.0
2122.0	9.0
2123.0	10.0
2124.0	5.0
2125.0	11.0
2126.0	5.0
2127.0	6.0
2128.0	4.0
2129.0	8.0
2130.0	9.0
2131.0	5.0
2132.0	8.0
2133.0	5.0
2134.0	5.0
2135.0	9.0
2136.0	10.0
2137.0	13.0
2138.0	7.0
2139.0	7.0
2140.0	8.0
2141.0	6.0
2142.0	10.0
2143.0	10.0
2144.0	3.0
2145.0	7.0
2146.0	8.0
2147.0	7.0
2148.0	4.0
2149.0	4.0
2150.0	8.0
2151.0	4.0
2152.0	11.0
2153.0	8.0
2154.0	6.0
2155.0	2.0
2156.0	5.0
2157.0	5.0
2158.0	6.0
2159.0	6.0
2160.0	8.0
2161.0	9.0
2162.0	11.0
2163.0	4.0
2164.0	3.0
2165.0	2.0
2166.0	8.0
2167.0	5.0
2168.0	6.0
2169.0	8.0
2170.0	5.0
2171.0	3.0
2172.0	8.0
2173.0	10.0
2174.0	2.0
2175.0	4.0
2176.0	4.0
2177.0	8.0
2178.0	6.0
2179.0	7.0
2180.0	3.0
2181.0	1.0
2182.0	3.0
2183.0	3.0
2184.0	8.0
2185.0	3.0
2186.0	7.0
2187.0	6.0
2188.0	3.0
2189.0	5.0
2190.0	3.0
2191.0	4.0
2192.0	7.0
2193.0	3.0
2194.0	8.0
2195.0	3.0
2196.0	10.0
2197.0	4.0
2198.0	9.0
2199.0	2.0
2200.0	5.0
2201.0	2.0
2202.0	5.0
2203.0	5.0
2204.0	4.0
2205.0	8.0
2206.0	4.0
2207.0	4.0
2208.0	4.0
2209.0	3.0
2210.0	9.0
2211.0	3.0
2212.0	4.0
2213.0	6.0
2214.0	6.0
2215.0	6.0
2216.0	2.0
2217.0	4.0
2218.0	3.0
2219.0	7.0
2220.0	2.0
2221.0	5.0
2222.0	6.0
2223.0	5.0
2224.0	2.0
2225.0	5.0
2226.0	6.0
2227.0	2.0
2228.0	7.0
2229.0	3.0
2230.0	7.0
2231.0	2.0
2232.0	9.0
2233.0	6.0
2234.0	5.0
2235.0	6.0
2236.0	7.0
2237.0	9.0
2238.0	3.0
2239.0	5.0
2240.0	5.0
2241.0	5.0
2242.0	6.0
2243.0	5.0
2244.0	9.0
2245.0	6.0
2246.0	4.0
2247.0	6.0
2248.0	9.0
2249.0	8.0
2250.0	4.0
2251.0	5.0
2252.0	2.0
2253.0	10.0
2254.0	6.0
2255.0	4.0
2256.0	4.0
2257.0	5.0
2258.0	6.0
2259.0	5.0
2260.0	6.0
2261.0	4.0
2262.0	9.0
2263.0	8.0
2264.0	4.0
2265.0	5.0
2266.0	1.0
2267.0	6.0
2268.0	4.0
2269.0	7.0
2270.0	9.0
2271.0	7.0
2272.0	6.0
2273.0	9.0
2274.0	4.0
2275.0	2.0
2276.0	2.0
2277.0	2.0
2278.0	7.0
2279.0	9.0
2280.0	3.0
2281.0	6.0
2282.0	5.0
2283.0	6.0
2284.0	4.0
2285.0	4.0
2286.0	4.0
2287.0	7.0
2288.0	4.0
2289.0	4.0
2290.0	10.0
2291.0	5.0
2292.0	3.0
2293.0	3.0
2294.0	4.0
2295.0	5.0
2296.0	9.0
2297.0	6.0
2298.0	7.0
2299.0	5.0
2300.0	4.0
2301.0	4.0
2302.0	3.0
2303.0	9.0
2304.0	3.0
2305.0	7.0
2306.0	4.0
2307.0	3.0
2308.0	6.0
2309.0	3.0
2310.0	7.0
2311.0	6.0
2312.0	4.0
2313.0	3.0
2314.0	4.0
2315.0	6.0
2316.0	6.0
2317.0	3.0
2318.0	4.0
2319.0	8.0
2320.0	5.0
2321.0	6.0
2322.0	4.0
2323.0	6.0
2324.0	6.0
2325.0	9.0
2326.0	6.0
2327.0	5.0
2328.0	5.0
2329.0	4.0
2330.0	10.0
2331.0	5.0
2332.0	6.0
2333.0	4.0
2334.0	7.0
2335.0	6.0
2336.0	1.0
2337.0	2.0
2338.0	5.0
2339.0	7.0
2340.0	4.0
2341.0	2.0
2342.0	6.0
2343.0	7.0
2344.0	6.0
2345.0	6.0
2346.0	6.0
2347.0	7.0
2348.0	5.0
2349.0	4.0
2350.0	4.0
2351.0	4.0
2352.0	3.0
2353.0	6.0
2354.0	5.0
2355.0	5.0
2356.0	6.0
2357.0	3.0
2358.0	3.0
2359.0	4.0
2360.0	4.0
2361.0	5.0
2362.0	6.0
2363.0	6.0
2364.0	5.0
2365.0	3.0
2366.0	6.0
2367.0	3.0
2368.0	4.0
2369.0	6.0
2370.0	6.0
2371.0	4.0
2372.0	7.0
2373.0	8.0
2374.0	4.0
2375.0	3.0
2376.0	5.0
2377.0	5.0
2378.0	7.0
2379.0	11.0
2380.0	6.0
2381.0	9.0
2382.0	10.0
2383.0	7.0
2384.0	11.0
2385.0	12.0
2386.0	2.0
2387.0	8.0
2388.0	5.0
2389.0	8.0
2390.0	4.0
2391.0	7.0
2392.0	7.0
2393.0	9.0
2394.0	5.0
2395.0	6.0
2396.0	7.0
2397.0	6.0
2398.0	6.0
2399.0	8.0
2400.0	8.0
2401.0	3.0
2402.0	8.0
2403.0	5.0
2404.0	5.0
2405.0	9.0
2406.0	8.0
2407.0	2.0
2408.0	13.0
2409.0	7.0
2410.0	6.0
2411.0	4.0
2412.0	5.0
2413.0	4.0
2414.0	6.0
2415.0	8.0
2416.0	4.0
2417.0	3.0
2418.0	7.0
2419.0	6.0
2420.0	4.0
2421.0	16.0
2422.0	4.0
2423.0	4.0
2424.0	7.0
2425.0	8.0
2426.0	9.0
2427.0	5.0
2428.0	5.0
2429.0	11.0
2430.0	1.0
2431.0	6.0
2432.0	6.0
2433.0	4.0
2434.0	5.0
2435.0	6.0
2436.0	2.0
2437.0	7.0
2438.0	3.0
2439.0	3.0
2440.0	3.0
2441.0	6.0
2442.0	7.0
2443.0	8.0
2444.0	4.0
2445.0	6.0
2446.0	3.0
2447.0	1.0
2448.0	5.0
2449.0	9.0
2450.0	6.0
2451.0	3.0
2452.0	3.0
2453.0	6.0
2454.0	3.0
2455.0	6.0
2456.0	8.0
2457.0	5.0
2458.0	8.0
2459.0	6.0
2460.0	6.0
2461.0	3.0
2462.0	5.0
2463.0	5.0
2464.0	2.0
2465.0	8.0
2466.0	3.0
2467.0	6.0
2468.0	3.0
2469.0	6.0
2470.0	6.0
2471.0	6.0
2472.0	3.0
2473.0	6.0
2474.0	3.0
2475.0	3.0
2476.0	1.0
2477.0	4.0
2478.0	4.0
2479.0	4.0
2480.0	5.0
2481.0	2.0
2482.0	10.0
2483.0	5.0
2484.0	3.0
2485.0	8.0
2486.0	3.0
2487.0	3.0
2488.0	4.0
2489.0	5.0
2490.0	5.0
2491.0	2.0
2492.0	3.0
2493.0	5.0
2494.0	3.0
2495.0	4.0
2496.0	5.0
2497.0	7.0
2498.0	4.0
2500.0	8.0
2501.0	6.0
2502.0	3.0
2503.0	7.0
2504.0	5.0
2505.0	7.0
2506.0	1.0
2507.0	4.0
2508.0	7.0
2509.0	3.0
2510.0	2.0
2511.0	6.0
2512.0	2.0
2513.0	4.0
2514.0	6.0
2515.0	6.0
2516.0	6.0
2517.0	4.0
2518.0	3.0
2519.0	3.0
2520.0	5.0
2521.0	5.0
2522.0	2.0
2523.0	4.0
2524.0	1.0
2525.0	4.0
2526.0	3.0
2527.0	7.0
2528.0	4.0
2529.0	3.0
2530.0	2.0
2531.0	5.0
2532.0	6.0
2533.0	3.0
2534.0	4.0
2535.0	3.0
2536.0	4.0
2537.0	1.0
2538.0	3.0
2539.0	7.0
2540.0	5.0
2541.0	5.0
2542.0	6.0
2543.0	5.0
2544.0	5.0
2545.0	3.0
2546.0	1.0
2547.0	4.0
2548.0	9.0
2549.0	8.0
2550.0	3.0
2551.0	1.0
2552.0	4.0
2553.0	3.0
2554.0	2.0
2555.0	5.0
2556.0	5.0
2557.0	1.0
2558.0	5.0
2559.0	4.0
2560.0	2.0
2561.0	2.0
2562.0	4.0
2563.0	1.0
2565.0	5.0
2566.0	3.0
2567.0	1.0
2568.0	2.0
2569.0	1.0
2571.0	4.0
2572.0	5.0
2573.0	5.0
2574.0	4.0
2575.0	3.0
2576.0	3.0
2577.0	3.0
2578.0	2.0
2579.0	2.0
2580.0	3.0
2581.0	4.0
2582.0	3.0
2583.0	2.0
2584.0	2.0
2585.0	2.0
2586.0	2.0
2587.0	4.0
2588.0	2.0
2589.0	4.0
2590.0	5.0
2591.0	3.0
2592.0	4.0
2593.0	4.0
2594.0	8.0
2595.0	1.0
2596.0	3.0
2597.0	3.0
2598.0	6.0
2599.0	3.0
2600.0	3.0
2601.0	5.0
2602.0	3.0
2603.0	2.0
2604.0	1.0
2605.0	2.0
2606.0	5.0
2607.0	2.0
2608.0	4.0
2609.0	6.0
2610.0	3.0
2611.0	4.0
2612.0	5.0
2613.0	6.0
2614.0	5.0
2615.0	8.0
2616.0	6.0
2618.0	3.0
2620.0	1.0
2621.0	3.0
2622.0	2.0
2623.0	2.0
2624.0	2.0
2625.0	2.0
2626.0	5.0
2627.0	5.0
2628.0	2.0
2629.0	1.0
2630.0	2.0
2631.0	1.0
2632.0	4.0
2633.0	3.0
2635.0	4.0
2636.0	2.0
2637.0	4.0
2638.0	2.0
2639.0	3.0
2640.0	4.0
2641.0	1.0
2642.0	3.0
2643.0	3.0
2644.0	7.0
2645.0	2.0
2646.0	7.0
2647.0	6.0
2648.0	5.0
2649.0	4.0
2650.0	2.0
2651.0	4.0
2652.0	6.0
2653.0	4.0
2654.0	3.0
2655.0	3.0
2656.0	3.0
2657.0	2.0
2658.0	7.0
2659.0	5.0
2660.0	6.0
2661.0	2.0
2662.0	3.0
2663.0	4.0
2664.0	2.0
2665.0	1.0
2666.0	1.0
2667.0	3.0
2668.0	2.0
2669.0	1.0
2670.0	4.0
2671.0	4.0
2672.0	3.0
2673.0	3.0
2674.0	6.0
2675.0	2.0
2676.0	1.0
2677.0	4.0
2678.0	3.0
2679.0	3.0
2680.0	2.0
2681.0	1.0
2682.0	3.0
2683.0	2.0
2684.0	3.0
2685.0	4.0
2686.0	4.0
2687.0	6.0
2688.0	2.0
2689.0	4.0
2691.0	2.0
2692.0	2.0
2693.0	2.0
2694.0	5.0
2695.0	6.0
2697.0	3.0
2698.0	2.0
2699.0	6.0
2700.0	4.0
2701.0	4.0
2702.0	2.0
2703.0	3.0
2704.0	2.0
2705.0	3.0
2706.0	4.0
2707.0	2.0
2708.0	3.0
2709.0	3.0
2710.0	2.0
2711.0	2.0
2712.0	3.0
2713.0	1.0
2714.0	2.0
2715.0	2.0
2716.0	4.0
2717.0	1.0
2718.0	3.0
2719.0	1.0
2720.0	2.0
2721.0	5.0
2722.0	4.0
2723.0	3.0
2724.0	4.0
2725.0	6.0
2726.0	2.0
2727.0	1.0
2728.0	7.0
2729.0	2.0
2730.0	2.0
2732.0	2.0
2733.0	3.0
2734.0	2.0
2735.0	2.0
2736.0	3.0
2737.0	1.0
2738.0	1.0
2739.0	4.0
2740.0	5.0
2741.0	1.0
2742.0	1.0
2743.0	1.0
2744.0	3.0
2745.0	1.0
2746.0	3.0
2747.0	7.0
2748.0	3.0
2749.0	2.0
2750.0	2.0
2751.0	2.0
2752.0	2.0
2754.0	2.0
2756.0	2.0
2757.0	4.0
2758.0	3.0
2759.0	2.0
2761.0	3.0
2762.0	3.0
2763.0	2.0
2764.0	2.0
2765.0	3.0
2766.0	3.0
2767.0	1.0
2768.0	2.0
2769.0	4.0
2770.0	6.0
2771.0	5.0
2772.0	4.0
2773.0	3.0
2774.0	5.0
2775.0	2.0
2776.0	5.0
2777.0	4.0
2778.0	3.0
2779.0	7.0
2780.0	3.0
2781.0	6.0
2782.0	2.0
2783.0	3.0
2784.0	3.0
2785.0	1.0
2786.0	2.0
2787.0	2.0
2788.0	1.0
2789.0	1.0
2790.0	1.0
2791.0	1.0
2792.0	3.0
2793.0	4.0
2794.0	1.0
2795.0	5.0
2798.0	3.0
2799.0	2.0
2800.0	8.0
2801.0	4.0
2802.0	3.0
2803.0	1.0
2804.0	1.0
2805.0	3.0
2807.0	4.0
2808.0	1.0
2809.0	3.0
2810.0	4.0
2811.0	3.0
2813.0	3.0
2814.0	3.0
2815.0	3.0
2817.0	1.0
2818.0	2.0
2819.0	2.0
2820.0	1.0
2822.0	2.0
2823.0	1.0
2825.0	2.0
2826.0	2.0
2827.0	3.0
2828.0	2.0
2829.0	1.0
2830.0	1.0
2831.0	5.0
2832.0	1.0
2833.0	8.0
2835.0	4.0
2836.0	3.0
2837.0	1.0
2838.0	2.0
2839.0	5.0
2840.0	2.0
2841.0	2.0
2842.0	2.0
2843.0	4.0
2844.0	7.0
2845.0	2.0
2846.0	6.0
2847.0	2.0
2848.0	1.0
2849.0	1.0
2850.0	3.0
2851.0	4.0
2852.0	3.0
2853.0	1.0
2854.0	2.0
2855.0	3.0
2856.0	2.0
2857.0	1.0
2858.0	1.0
2859.0	2.0
2860.0	3.0
2861.0	1.0
2862.0	1.0
2864.0	4.0
2865.0	2.0
2866.0	2.0
2867.0	3.0
2868.0	2.0
2869.0	1.0
2870.0	1.0
2871.0	2.0
2872.0	1.0
2873.0	4.0
2874.0	4.0
2875.0	2.0
2876.0	3.0
2877.0	1.0
2878.0	5.0
2879.0	3.0
2880.0	3.0
2881.0	2.0
2882.0	2.0
2883.0	3.0
2884.0	6.0
2885.0	1.0
2886.0	3.0
2887.0	6.0
2888.0	2.0
2889.0	1.0
2890.0	1.0
2891.0	2.0
2893.0	3.0
2894.0	4.0
2895.0	2.0
2897.0	1.0
2898.0	3.0
2899.0	1.0
2902.0	3.0
2903.0	3.0
2904.0	1.0
2905.0	7.0
2906.0	3.0
2907.0	1.0
2908.0	4.0
2909.0	3.0
2910.0	3.0
2911.0	4.0
2913.0	5.0
2915.0	7.0
2916.0	3.0
2917.0	2.0
2918.0	3.0
2919.0	2.0
2920.0	3.0
2921.0	4.0
2922.0	1.0
2923.0	2.0
2924.0	4.0
2925.0	3.0
2926.0	5.0
2927.0	4.0
2928.0	1.0
2929.0	3.0
2930.0	6.0
2932.0	3.0
2933.0	2.0
2934.0	3.0
2935.0	2.0
2936.0	1.0
2937.0	5.0
2938.0	3.0
2939.0	3.0
2940.0	4.0
2941.0	4.0
2942.0	1.0
2943.0	2.0
2944.0	6.0
2945.0	1.0
2946.0	1.0
2947.0	4.0
2948.0	7.0
2949.0	4.0
2950.0	4.0
2951.0	4.0
2952.0	2.0
2953.0	2.0
2954.0	1.0
2955.0	5.0
2956.0	1.0
2957.0	3.0
2958.0	3.0
2959.0	1.0
2960.0	5.0
2961.0	2.0
2963.0	3.0
2964.0	3.0
2965.0	5.0
2966.0	1.0
2967.0	2.0
2968.0	3.0
2969.0	5.0
2970.0	2.0
2972.0	2.0
2973.0	3.0
2974.0	5.0
2975.0	3.0
2976.0	3.0
2977.0	4.0
2978.0	2.0
2979.0	3.0
2980.0	1.0
2981.0	2.0
2982.0	2.0
2983.0	3.0
2984.0	2.0
2985.0	3.0
2986.0	5.0
2987.0	6.0
2988.0	2.0
2989.0	4.0
2990.0	8.0
2991.0	3.0
2992.0	5.0
2993.0	3.0
2994.0	3.0
2995.0	2.0
2996.0	1.0
2997.0	4.0
2998.0	2.0
2999.0	4.0
3000.0	2.0
3001.0	3.0
3002.0	3.0
3003.0	5.0
3004.0	4.0
3005.0	5.0
3006.0	4.0
3007.0	2.0
3008.0	4.0
3009.0	2.0
3010.0	2.0
3011.0	1.0
3012.0	5.0
3013.0	2.0
3014.0	3.0
3015.0	3.0
3016.0	3.0
3018.0	4.0
3019.0	6.0
3020.0	2.0
3021.0	2.0
3022.0	3.0
3023.0	2.0
3024.0	3.0
3025.0	6.0
3026.0	2.0
3027.0	6.0
3028.0	3.0
3029.0	5.0
3030.0	5.0
3031.0	2.0
3032.0	2.0
3033.0	2.0
3034.0	7.0
3035.0	5.0
3036.0	4.0
3037.0	6.0
3038.0	1.0
3039.0	2.0
3040.0	3.0
3041.0	4.0
3042.0	4.0
3043.0	2.0
3044.0	6.0
3045.0	4.0
3046.0	2.0
3047.0	2.0
3050.0	1.0
3051.0	2.0
3052.0	5.0
3053.0	1.0
3054.0	2.0
3055.0	3.0
3056.0	2.0
3057.0	2.0
3060.0	2.0
3061.0	1.0
3062.0	3.0
3063.0	5.0
3064.0	1.0
3065.0	4.0
3066.0	5.0
3067.0	1.0
3068.0	3.0
3069.0	5.0
3071.0	4.0
3072.0	4.0
3073.0	6.0
3074.0	4.0
3075.0	5.0
3076.0	2.0
3077.0	2.0
3078.0	4.0
3079.0	5.0
3080.0	5.0
3081.0	3.0
3082.0	4.0
3083.0	2.0
3084.0	1.0
3085.0	2.0
3086.0	2.0
3087.0	1.0
3088.0	4.0
3089.0	1.0
3090.0	2.0
3091.0	1.0
3092.0	1.0
3093.0	3.0
3094.0	1.0
3095.0	5.0
3096.0	2.0
3097.0	2.0
3098.0	2.0
3099.0	3.0
3100.0	3.0
3101.0	3.0
3102.0	3.0
3103.0	6.0
3104.0	4.0
3105.0	2.0
3106.0	2.0
3107.0	4.0
3108.0	3.0
3109.0	4.0
3110.0	4.0
3111.0	2.0
3112.0	2.0
3113.0	1.0
3114.0	7.0
3115.0	3.0
3116.0	6.0
3117.0	3.0
3118.0	4.0
3119.0	1.0
3120.0	3.0
3121.0	2.0
3122.0	3.0
3123.0	5.0
3124.0	2.0
3125.0	1.0
3126.0	7.0
3127.0	5.0
3128.0	3.0
3129.0	2.0
3130.0	1.0
3131.0	4.0
3132.0	2.0
3133.0	2.0
3134.0	2.0
3135.0	3.0
3136.0	2.0
3137.0	5.0
3138.0	2.0
3139.0	3.0
3140.0	4.0
3141.0	3.0
3142.0	4.0
3143.0	3.0
3144.0	2.0
3145.0	5.0
3146.0	6.0
3147.0	3.0
3148.0	3.0
3149.0	4.0
3150.0	7.0
3151.0	3.0
3152.0	3.0
3153.0	3.0
3154.0	3.0
3155.0	4.0
3156.0	2.0
3157.0	2.0
3158.0	2.0
3159.0	9.0
3160.0	2.0
3161.0	4.0
3162.0	2.0
3163.0	2.0
3164.0	5.0
3165.0	5.0
3166.0	4.0
3167.0	3.0
3168.0	6.0
3169.0	2.0
3170.0	6.0
3171.0	2.0
3172.0	3.0
3173.0	2.0
3174.0	4.0
3175.0	1.0
3176.0	2.0
3177.0	2.0
3178.0	3.0
3179.0	3.0
3180.0	7.0
3181.0	4.0
3182.0	4.0
3183.0	3.0
3185.0	2.0
3186.0	3.0
3187.0	3.0
3188.0	3.0
3189.0	3.0
3191.0	2.0
3192.0	3.0
3193.0	7.0
3194.0	1.0
3195.0	3.0
3196.0	3.0
3197.0	4.0
3198.0	3.0
3199.0	4.0
3200.0	4.0
3201.0	1.0
3202.0	4.0
3204.0	7.0
3205.0	5.0
3206.0	6.0
3208.0	6.0
3209.0	5.0
3210.0	3.0
3211.0	5.0
3212.0	1.0
3213.0	3.0
3214.0	1.0
3215.0	7.0
3216.0	5.0
3217.0	2.0
3218.0	2.0
3219.0	2.0
3220.0	2.0
3221.0	5.0
3222.0	2.0
3223.0	1.0
3224.0	4.0
3225.0	3.0
3226.0	4.0
3227.0	4.0
3228.0	3.0
3229.0	2.0
3230.0	3.0
3231.0	4.0
3232.0	5.0
3233.0	2.0
3234.0	4.0
3235.0	3.0
3236.0	7.0
3237.0	1.0
3238.0	2.0
3239.0	2.0
3240.0	1.0
3241.0	2.0
3242.0	3.0
3243.0	2.0
3244.0	2.0
3245.0	1.0
3246.0	7.0
3247.0	4.0
3248.0	3.0
3249.0	5.0
3251.0	5.0
3252.0	2.0
3253.0	1.0
3254.0	5.0
3255.0	7.0
3256.0	4.0
3257.0	2.0
3258.0	3.0
3259.0	1.0
3260.0	1.0
3261.0	4.0
3262.0	1.0
3263.0	3.0
3264.0	6.0
3265.0	2.0
3266.0	2.0
3267.0	2.0
3268.0	1.0
3269.0	1.0
3270.0	5.0
3271.0	1.0
3272.0	1.0
3273.0	3.0
3274.0	1.0
3275.0	4.0
3276.0	2.0
3277.0	3.0
3278.0	2.0
3279.0	3.0
3280.0	2.0
3281.0	2.0
3282.0	1.0
3283.0	4.0
3284.0	1.0
3285.0	5.0
3286.0	4.0
3288.0	6.0
3289.0	3.0
3290.0	2.0
3291.0	3.0
3293.0	3.0
3294.0	6.0
3295.0	2.0
3296.0	2.0
3297.0	2.0
3298.0	3.0
3299.0	4.0
3300.0	3.0
3301.0	5.0
3302.0	1.0
3303.0	2.0
3304.0	2.0
3305.0	1.0
3306.0	1.0
3307.0	3.0
3308.0	2.0
3309.0	2.0
3310.0	1.0
3311.0	2.0
3312.0	2.0
3315.0	2.0
3317.0	5.0
3318.0	2.0
3319.0	2.0
3320.0	3.0
3321.0	5.0
3322.0	2.0
3323.0	4.0
3324.0	2.0
3325.0	2.0
3326.0	2.0
3327.0	3.0
3328.0	2.0
3329.0	3.0
3330.0	2.0
3331.0	1.0
3332.0	2.0
3333.0	3.0
3334.0	4.0
3335.0	2.0
3336.0	2.0
3337.0	1.0
3338.0	1.0
3339.0	1.0
3340.0	5.0
3341.0	5.0
3342.0	6.0
3343.0	2.0
3344.0	4.0
3345.0	2.0
3346.0	4.0
3347.0	2.0
3348.0	2.0
3349.0	5.0
3350.0	2.0
3351.0	3.0
3352.0	4.0
3353.0	7.0
3354.0	2.0
3355.0	3.0
3356.0	6.0
3357.0	5.0
3358.0	1.0
3359.0	5.0
3360.0	2.0
3361.0	3.0
3362.0	3.0
3363.0	2.0
3365.0	1.0
3366.0	2.0
3367.0	1.0
3369.0	3.0
3370.0	1.0
3371.0	2.0
3372.0	1.0
3373.0	1.0
3374.0	1.0
3375.0	2.0
3376.0	4.0
3377.0	1.0
3378.0	3.0
3379.0	3.0
3380.0	2.0
3381.0	5.0
3382.0	1.0
3383.0	2.0
3385.0	4.0
3386.0	2.0
3387.0	4.0
3388.0	3.0
3389.0	2.0
3390.0	1.0
3391.0	2.0
3393.0	4.0
3394.0	5.0
3395.0	4.0
3396.0	4.0
3397.0	2.0
3398.0	1.0
3399.0	1.0
3400.0	4.0
3401.0	6.0
3402.0	2.0
3403.0	2.0
3404.0	1.0
3405.0	4.0
3406.0	1.0
3407.0	1.0
3408.0	2.0
3409.0	2.0
3410.0	1.0
3411.0	3.0
3412.0	2.0
3413.0	5.0
3414.0	1.0
3415.0	2.0
3416.0	1.0
3417.0	4.0
3419.0	2.0
3420.0	4.0
3421.0	1.0
3422.0	7.0
3423.0	1.0
3424.0	4.0
3425.0	5.0
3426.0	3.0
3427.0	2.0
3428.0	1.0
3429.0	2.0
3431.0	2.0
3432.0	4.0
3433.0	2.0
3434.0	2.0
3435.0	2.0
3437.0	2.0
3438.0	2.0
3439.0	1.0
3440.0	3.0
3441.0	4.0
3442.0	2.0
3443.0	4.0
3444.0	3.0
3445.0	4.0
3446.0	2.0
3447.0	1.0
3448.0	1.0
3449.0	2.0
3450.0	1.0
3451.0	5.0
3452.0	2.0
3453.0	4.0
3454.0	3.0
3456.0	2.0
3457.0	2.0
3458.0	3.0
3459.0	4.0
3461.0	5.0
3462.0	1.0
3463.0	1.0
3464.0	3.0
3465.0	3.0
3466.0	2.0
3467.0	1.0
3468.0	4.0
3469.0	1.0
3470.0	2.0
3471.0	4.0
3472.0	4.0
3473.0	8.0
3474.0	1.0
3475.0	2.0
3476.0	3.0
3477.0	1.0
3478.0	2.0
3479.0	3.0
3480.0	4.0
3481.0	5.0
3482.0	1.0
3483.0	4.0
3484.0	3.0
3485.0	4.0
3486.0	1.0
3488.0	1.0
3489.0	2.0
3490.0	3.0
3491.0	1.0
3492.0	1.0
3493.0	1.0
3496.0	4.0
3497.0	3.0
3498.0	2.0
3499.0	1.0
3500.0	4.0
3501.0	3.0
3502.0	9.0
3503.0	2.0
3504.0	4.0
3505.0	2.0
3506.0	7.0
3507.0	3.0
3508.0	2.0
3509.0	2.0
3510.0	1.0
3511.0	1.0
3514.0	2.0
3515.0	5.0
3516.0	2.0
3517.0	3.0
3518.0	3.0
3520.0	1.0
3521.0	4.0
3522.0	2.0
3523.0	2.0
3525.0	4.0
3526.0	2.0
3527.0	1.0
3528.0	3.0
3529.0	3.0
3530.0	1.0
3532.0	1.0
3536.0	1.0
3537.0	1.0
3539.0	5.0
3540.0	2.0
3542.0	2.0
3543.0	1.0
3544.0	1.0
3545.0	2.0
3547.0	1.0
3548.0	1.0
3549.0	2.0
3550.0	1.0
3551.0	1.0
3553.0	2.0
3554.0	1.0
3557.0	1.0
3559.0	3.0
3560.0	4.0
3562.0	2.0
3564.0	1.0
3565.0	1.0
3566.0	2.0
3567.0	3.0
3568.0	1.0
3569.0	4.0
3570.0	2.0
3571.0	2.0
3572.0	4.0
3573.0	1.0
3574.0	1.0
3575.0	1.0
3576.0	1.0
3577.0	1.0
3578.0	1.0
3579.0	3.0
3581.0	2.0
3582.0	3.0
3583.0	1.0
3584.0	3.0
3585.0	2.0
3587.0	3.0
3588.0	2.0
3589.0	1.0
3590.0	2.0
3591.0	1.0
3592.0	2.0
3594.0	1.0
3595.0	2.0
3597.0	2.0
3598.0	1.0
3599.0	3.0
3600.0	2.0
3601.0	3.0
3602.0	1.0
3603.0	1.0
3604.0	3.0
3605.0	1.0
3607.0	3.0
3608.0	3.0
3609.0	1.0
3610.0	5.0
3611.0	1.0
3612.0	2.0
3613.0	2.0
3616.0	4.0
3618.0	2.0
3619.0	3.0
3620.0	3.0
3621.0	1.0
3622.0	7.0
3623.0	1.0
3624.0	3.0
3626.0	1.0
3627.0	1.0
3628.0	5.0
3629.0	3.0
3631.0	4.0
3632.0	2.0
3633.0	1.0
3634.0	1.0
3636.0	2.0
3637.0	2.0
3638.0	3.0
3639.0	2.0
3640.0	2.0
3641.0	1.0
3642.0	2.0
3643.0	2.0
3644.0	3.0
3645.0	1.0
3646.0	1.0
3647.0	1.0
3648.0	2.0
3649.0	2.0
3650.0	2.0
3651.0	5.0
3652.0	2.0
3653.0	3.0
3654.0	1.0
3656.0	4.0
3657.0	3.0
3658.0	3.0
3659.0	6.0
3660.0	2.0
3662.0	2.0
3663.0	3.0
3664.0	3.0
3665.0	3.0
3666.0	3.0
3667.0	3.0
3668.0	1.0
3669.0	4.0
3670.0	3.0
3671.0	3.0
3672.0	2.0
3673.0	2.0
3674.0	1.0
3675.0	6.0
3676.0	3.0
3677.0	3.0
3678.0	2.0
3679.0	3.0
3680.0	1.0
3682.0	4.0
3684.0	1.0
3685.0	1.0
3687.0	3.0
3689.0	2.0
3690.0	1.0
3691.0	3.0
3692.0	2.0
3694.0	3.0
3695.0	2.0
3696.0	2.0
3697.0	2.0
3698.0	3.0
3699.0	5.0
3700.0	4.0
3701.0	2.0
3702.0	6.0
3703.0	1.0
3704.0	1.0
3705.0	2.0
3706.0	2.0
3707.0	3.0
3708.0	2.0
3709.0	1.0
3710.0	1.0
3711.0	2.0
3712.0	3.0
3713.0	1.0
3714.0	1.0
3715.0	2.0
3717.0	4.0
3718.0	3.0
3719.0	2.0
3720.0	3.0
3721.0	3.0
3722.0	1.0
3723.0	1.0
3724.0	1.0
3725.0	2.0
3726.0	1.0
3727.0	4.0
3728.0	1.0
3729.0	1.0
3730.0	1.0
3731.0	1.0
3733.0	1.0
3734.0	3.0
3735.0	1.0
3736.0	2.0
3737.0	1.0
3738.0	2.0
3739.0	2.0
3740.0	2.0
3741.0	2.0
3742.0	2.0
3743.0	1.0
3744.0	2.0
3745.0	1.0
3746.0	3.0
3747.0	3.0
3748.0	1.0
3749.0	3.0
3750.0	1.0
3751.0	1.0
3752.0	2.0
3754.0	2.0
3755.0	2.0
3756.0	1.0
3758.0	2.0
3759.0	1.0
3760.0	2.0
3761.0	2.0
3762.0	2.0
3764.0	1.0
3765.0	1.0
3767.0	2.0
3769.0	3.0
3772.0	2.0
3774.0	1.0
3775.0	5.0
3777.0	1.0
3778.0	1.0
3779.0	1.0
3780.0	1.0
3782.0	1.0
3783.0	1.0
3784.0	2.0
3785.0	4.0
3786.0	2.0
3788.0	3.0
3789.0	1.0
3791.0	2.0
3794.0	2.0
3796.0	1.0
3797.0	2.0
3798.0	1.0
3799.0	2.0
3800.0	1.0
3801.0	2.0
3802.0	4.0
3803.0	2.0
3804.0	4.0
3805.0	7.0
3806.0	3.0
3807.0	2.0
3808.0	3.0
3809.0	1.0
3810.0	1.0
3811.0	3.0
3812.0	1.0
3813.0	1.0
3814.0	1.0
3816.0	1.0
3817.0	2.0
3818.0	1.0
3820.0	1.0
3827.0	2.0
3829.0	1.0
3831.0	1.0
3834.0	2.0
3837.0	1.0
3841.0	1.0
3843.0	2.0
3844.0	1.0
3845.0	1.0
3846.0	1.0
3847.0	1.0
3849.0	1.0
3850.0	3.0
3851.0	2.0
3852.0	1.0
3853.0	1.0
3855.0	2.0
3856.0	1.0
3858.0	1.0
3859.0	1.0
3860.0	1.0
3862.0	1.0
3864.0	2.0
3865.0	1.0
3867.0	2.0
3868.0	1.0
3873.0	1.0
3874.0	1.0
3876.0	1.0
3878.0	1.0
3882.0	1.0
3883.0	2.0
3885.0	1.0
3886.0	1.0
3889.0	1.0
3893.0	2.0
3897.0	1.0
3898.0	2.0
3900.0	2.0
3902.0	2.0
3903.0	2.0
3904.0	1.0
3905.0	1.0
3910.0	1.0
3914.0	2.0
3915.0	1.0
3918.0	1.0
3919.0	2.0
3920.0	1.0
3921.0	2.0
3923.0	2.0
3927.0	2.0
3929.0	2.0
3934.0	1.0
3935.0	4.0
3936.0	2.0
3937.0	1.0
3938.0	2.0
3939.0	1.0
3940.0	3.0
3948.0	3.0
3949.0	1.0
3950.0	2.0
3953.0	1.0
3954.0	1.0
3955.0	1.0
3956.0	1.0
3958.0	1.0
3959.0	2.0
3964.0	3.0
3970.0	1.0
3976.0	2.0
3977.0	1.0
3978.0	3.0
3980.0	4.0
3981.0	1.0
3983.0	1.0
3987.0	1.0
3989.0	1.0
3991.0	2.0
3993.0	1.0
3994.0	1.0
3995.0	1.0
3996.0	1.0
4003.0	1.0
4004.0	1.0
4006.0	2.0
4008.0	1.0
4009.0	2.0
4011.0	2.0
4013.0	1.0
4014.0	1.0
4015.0	1.0
4016.0	1.0
4017.0	1.0
4018.0	1.0
4019.0	2.0
4020.0	1.0
4021.0	2.0
4023.0	1.0
4024.0	1.0
4025.0	2.0
4026.0	1.0
4030.0	1.0
4032.0	1.0
4035.0	3.0
4036.0	1.0
4037.0	1.0
4038.0	1.0
4039.0	2.0
4043.0	1.0
4044.0	1.0
4045.0	1.0
4047.0	1.0
4049.0	1.0
4050.0	2.0
4051.0	1.0
4052.0	1.0
4053.0	1.0
4054.0	2.0
4055.0	1.0
4056.0	1.0
4057.0	1.0
4059.0	2.0
4062.0	1.0
4063.0	1.0
4065.0	3.0
4070.0	1.0
4071.0	2.0
4072.0	2.0
4073.0	1.0
4074.0	1.0
4075.0	1.0
4076.0	1.0
4078.0	2.0
4081.0	1.0
4082.0	1.0
4083.0	1.0
4084.0	2.0
4085.0	1.0
4086.0	2.0
4087.0	1.0
4089.0	3.0
4092.0	1.0
4093.0	1.0
4094.0	1.0
4100.0	1.0
4102.0	2.0
4104.0	1.0
4105.0	2.0
4106.0	1.0
4107.0	1.0
4109.0	2.0
4110.0	1.0
4113.0	1.0
4114.0	1.0
4115.0	3.0
4116.0	1.0
4117.0	2.0
4118.0	1.0
4120.0	3.0
4121.0	2.0
4123.0	2.0
4125.0	1.0
4127.0	1.0
4128.0	1.0
4129.0	4.0
4130.0	2.0
4131.0	2.0
4132.0	2.0
4133.0	1.0
4135.0	1.0
4136.0	3.0
4137.0	2.0
4139.0	1.0
4142.0	3.0
4144.0	1.0
4148.0	1.0
4149.0	2.0
4152.0	1.0
4153.0	2.0
4155.0	1.0
4156.0	2.0
4157.0	2.0
4158.0	2.0
4161.0	3.0
4162.0	2.0
4163.0	1.0
4164.0	3.0
4165.0	4.0
4167.0	1.0
4171.0	1.0
4172.0	2.0
4174.0	2.0
4176.0	2.0
4177.0	2.0
4178.0	2.0
4179.0	1.0
4180.0	3.0
4181.0	1.0
4182.0	1.0
4183.0	1.0
4184.0	2.0
4185.0	1.0
4186.0	3.0
4187.0	1.0
4188.0	1.0
4189.0	2.0
4190.0	1.0
4192.0	1.0
4193.0	1.0
4195.0	3.0
4196.0	2.0
4197.0	2.0
4198.0	2.0
4199.0	4.0
4200.0	1.0
4201.0	2.0
4202.0	1.0
4203.0	1.0
4204.0	1.0
4205.0	2.0
4206.0	2.0
4208.0	3.0
4211.0	1.0
4212.0	2.0
4213.0	2.0
4214.0	2.0
4215.0	2.0
4216.0	2.0
4217.0	1.0
4218.0	1.0
4219.0	1.0
4220.0	1.0
4223.0	1.0
4225.0	1.0
4226.0	2.0
4231.0	3.0
4232.0	3.0
4234.0	1.0
4235.0	1.0
4236.0	1.0
4238.0	2.0
4240.0	1.0
4241.0	1.0
4242.0	1.0
4244.0	2.0
4247.0	1.0
4249.0	1.0
4250.0	1.0
4251.0	2.0
4252.0	1.0
4253.0	3.0
4254.0	5.0
4256.0	1.0
4257.0	2.0
4259.0	1.0
4260.0	1.0
4262.0	1.0
4264.0	1.0
4265.0	1.0
4267.0	2.0
4270.0	1.0
4272.0	1.0
4275.0	1.0
4276.0	1.0
4277.0	1.0
4279.0	3.0
4281.0	1.0
4282.0	2.0
4283.0	2.0
4284.0	1.0
4286.0	1.0
4288.0	2.0
4289.0	3.0
4291.0	2.0
4292.0	1.0
4298.0	1.0
4299.0	1.0
4302.0	1.0
4303.0	1.0
4304.0	1.0
4305.0	2.0
4306.0	1.0
4307.0	1.0
4309.0	3.0
4310.0	2.0
4314.0	1.0
4315.0	1.0
4317.0	1.0
4318.0	1.0
4319.0	1.0
4323.0	1.0
4324.0	2.0
4325.0	2.0
4327.0	1.0
4328.0	2.0
4329.0	2.0
4330.0	1.0
4336.0	1.0
4338.0	1.0
4341.0	1.0
4342.0	2.0
4343.0	1.0
4345.0	2.0
4346.0	2.0
4348.0	1.0
4352.0	2.0
4354.0	1.0
4355.0	1.0
4357.0	1.0
4358.0	2.0
4360.0	1.0
4361.0	2.0
4362.0	1.0
4363.0	2.0
4364.0	1.0
4366.0	1.0
4370.0	1.0
4374.0	1.0
4375.0	1.0
4376.0	1.0
4377.0	1.0
4378.0	1.0
4380.0	1.0
4383.0	2.0
4385.0	2.0
4387.0	2.0
4388.0	1.0
4389.0	1.0
4391.0	1.0
4392.0	1.0
4396.0	1.0
4398.0	2.0
4400.0	1.0
4401.0	2.0
4403.0	1.0
4404.0	2.0
4406.0	1.0
4407.0	1.0
4408.0	2.0
4410.0	1.0
4411.0	1.0
4413.0	1.0
4414.0	1.0
4416.0	2.0
4417.0	2.0
4420.0	1.0
4421.0	1.0
4422.0	1.0
4426.0	3.0
4428.0	1.0
4429.0	1.0
4430.0	1.0
4431.0	1.0
4434.0	2.0
4435.0	1.0
4440.0	1.0
4444.0	2.0
4445.0	1.0
4447.0	1.0
4448.0	2.0
4450.0	1.0
4451.0	1.0
4452.0	1.0
4453.0	2.0
4455.0	1.0
4457.0	1.0
4459.0	2.0
4460.0	1.0
4462.0	2.0
4463.0	1.0
4465.0	2.0
4466.0	2.0
4468.0	1.0
4471.0	1.0
4472.0	2.0
4473.0	1.0
4475.0	3.0
4476.0	2.0
4478.0	3.0
4479.0	2.0
4480.0	1.0
4481.0	1.0
4484.0	2.0
4485.0	4.0
4486.0	1.0
4490.0	1.0
4491.0	1.0
4492.0	3.0
4493.0	2.0
4496.0	3.0
4497.0	1.0
4498.0	4.0
4500.0	2.0
4501.0	3.0
4506.0	2.0
4507.0	2.0
4508.0	1.0
4509.0	2.0
4511.0	1.0
4512.0	1.0
4513.0	3.0
4515.0	1.0
4517.0	1.0
4518.0	1.0
4519.0	1.0
4520.0	1.0
4521.0	2.0
4522.0	3.0
4523.0	2.0
4524.0	1.0
4526.0	3.0
4527.0	2.0
4529.0	1.0
4531.0	1.0
4533.0	1.0
4534.0	2.0
4537.0	2.0
4538.0	2.0
4539.0	3.0
4540.0	2.0
4541.0	2.0
4542.0	3.0
4544.0	1.0
4545.0	3.0
4546.0	2.0
4547.0	1.0
4549.0	2.0
4550.0	3.0
4551.0	5.0
4552.0	2.0
4553.0	2.0
4554.0	5.0
4555.0	3.0
4556.0	1.0
4557.0	3.0
4558.0	2.0
4559.0	5.0
4560.0	2.0
4561.0	2.0
4562.0	4.0
4563.0	1.0
4564.0	2.0
4565.0	2.0
4566.0	2.0
4569.0	3.0
4570.0	2.0
4571.0	5.0
4573.0	1.0
4574.0	5.0
4575.0	2.0
4576.0	2.0
4577.0	1.0
4578.0	1.0
4579.0	3.0
4580.0	1.0
4581.0	1.0
4583.0	1.0
4584.0	2.0
4585.0	1.0
4586.0	3.0
4588.0	2.0
4590.0	1.0
4591.0	1.0
4592.0	1.0
4593.0	3.0
4594.0	2.0
4595.0	3.0
4596.0	1.0
4597.0	1.0
4598.0	2.0
4599.0	1.0
4600.0	2.0
4601.0	4.0
4602.0	1.0
4604.0	1.0
4605.0	1.0
4609.0	1.0
4610.0	1.0
4611.0	1.0
4616.0	1.0
4618.0	3.0
4619.0	3.0
4620.0	1.0
4621.0	1.0
4623.0	1.0
4626.0	1.0
4629.0	1.0
4631.0	1.0
4633.0	1.0
4635.0	2.0
4636.0	1.0
4643.0	1.0
4645.0	2.0
4647.0	1.0
4648.0	1.0
4649.0	1.0
4650.0	1.0
4652.0	1.0
4653.0	1.0
4654.0	1.0
4657.0	1.0
4658.0	1.0
4659.0	1.0
4660.0	1.0
4661.0	2.0
4662.0	5.0
4665.0	1.0
4666.0	1.0
4667.0	2.0
4671.0	1.0
4672.0	1.0
4673.0	1.0
4674.0	1.0
4675.0	1.0
4676.0	1.0
4680.0	1.0
4681.0	1.0
4682.0	1.0
4683.0	1.0
4684.0	1.0
4687.0	1.0
4691.0	1.0
4692.0	1.0
4694.0	3.0
4698.0	2.0
4700.0	2.0
4701.0	2.0
4704.0	3.0
4706.0	1.0
4707.0	1.0
4708.0	2.0
4710.0	1.0
4712.0	3.0
4713.0	1.0
4715.0	1.0
4718.0	1.0
4721.0	2.0
4723.0	1.0
4725.0	1.0
4727.0	1.0
4728.0	1.0
4729.0	1.0
4732.0	1.0
4733.0	1.0
4736.0	1.0
4738.0	2.0
4739.0	2.0
4741.0	1.0
4742.0	1.0
4743.0	1.0
4744.0	1.0
4751.0	1.0
4753.0	1.0
4755.0	1.0
4759.0	1.0
4761.0	1.0
4762.0	1.0
4763.0	1.0
4764.0	1.0
4765.0	2.0
4766.0	1.0
4768.0	2.0
4769.0	2.0
4770.0	2.0
4773.0	1.0
4774.0	1.0
4775.0	1.0
4776.0	1.0
4777.0	2.0
4778.0	1.0
4780.0	1.0
4781.0	2.0
4788.0	1.0
4789.0	1.0
4790.0	1.0
4791.0	3.0
4792.0	2.0
4795.0	1.0
4798.0	1.0
4801.0	1.0
4803.0	1.0
4806.0	1.0
4821.0	1.0
4823.0	1.0
4827.0	1.0
4828.0	1.0
4832.0	1.0
4834.0	1.0
4837.0	1.0
4840.0	3.0
4844.0	1.0
4849.0	1.0
4850.0	1.0
4852.0	1.0
4855.0	2.0
4856.0	1.0
4860.0	1.0
4864.0	1.0
4865.0	1.0
4869.0	2.0
4880.0	1.0
4886.0	1.0
4887.0	1.0
4888.0	2.0
4893.0	1.0
4894.0	2.0
4896.0	1.0
4904.0	2.0
4913.0	1.0
4917.0	1.0
4918.0	1.0
4919.0	1.0
4925.0	2.0
4927.0	1.0
4929.0	1.0
4930.0	1.0
4931.0	2.0
4936.0	1.0
4937.0	1.0
4939.0	2.0
4948.0	1.0
4950.0	1.0
4952.0	1.0
4954.0	1.0
4961.0	1.0
4963.0	2.0
4964.0	1.0
4966.0	2.0
4968.0	1.0
4970.0	1.0
4971.0	1.0
4972.0	2.0
4976.0	1.0
4981.0	1.0
4982.0	4.0
4988.0	1.0
4989.0	2.0
4995.0	3.0
4996.0	1.0
5004.0	1.0
5007.0	1.0
5008.0	2.0
5009.0	1.0
5010.0	1.0
5011.0	1.0
5012.0	2.0
5017.0	1.0
5018.0	2.0
5030.0	1.0
5033.0	1.0
5034.0	1.0
5038.0	2.0
5042.0	2.0
5044.0	2.0
5047.0	1.0
5051.0	1.0
5058.0	1.0
5060.0	1.0
5062.0	1.0
5068.0	1.0
5069.0	1.0
5071.0	2.0
5072.0	3.0
5075.0	2.0
5076.0	1.0
5082.0	2.0
5085.0	2.0
5086.0	1.0
5092.0	2.0
5100.0	1.0
5101.0	1.0
5102.0	1.0
5104.0	1.0
5108.0	1.0
5111.0	1.0
5113.0	1.0
5114.0	1.0
5122.0	1.0
5125.0	1.0
5128.0	2.0
5131.0	2.0
5134.0	1.0
5135.0	1.0
5136.0	2.0
5140.0	1.0
5141.0	1.0
5145.0	2.0
5149.0	1.0
5151.0	1.0
5152.0	2.0
5153.0	1.0
5155.0	2.0
5156.0	1.0
5162.0	1.0
5163.0	1.0
5167.0	1.0
5168.0	3.0
5175.0	1.0
5176.0	1.0
5182.0	1.0
5184.0	1.0
5185.0	1.0
5196.0	2.0
5197.0	1.0
5201.0	1.0
5203.0	1.0
5205.0	1.0
5208.0	1.0
5209.0	1.0
5210.0	1.0
5211.0	1.0
5214.0	1.0
5215.0	1.0
5216.0	1.0
5217.0	1.0
5219.0	2.0
5223.0	1.0
5225.0	3.0
5226.0	1.0
5228.0	1.0
5229.0	3.0
5230.0	1.0
5239.0	2.0
5240.0	1.0
5244.0	1.0
5248.0	1.0
5250.0	1.0
5251.0	2.0
5252.0	1.0
5253.0	1.0
5254.0	1.0
5256.0	1.0
5258.0	1.0
5259.0	1.0
5263.0	2.0
5266.0	2.0
5272.0	1.0
5278.0	1.0
5280.0	2.0
5281.0	2.0
5287.0	1.0
5288.0	1.0
5293.0	1.0
5294.0	1.0
5297.0	1.0
5299.0	1.0
5305.0	2.0
5307.0	2.0
5308.0	1.0
5314.0	2.0
5315.0	2.0
5316.0	1.0
5324.0	1.0
5325.0	1.0
5328.0	3.0
5333.0	1.0
5334.0	1.0
5337.0	1.0
5338.0	1.0
5339.0	1.0
5340.0	1.0
5341.0	1.0
5342.0	1.0
5343.0	3.0
5344.0	1.0
5346.0	2.0
5348.0	2.0
5350.0	1.0
5352.0	1.0
5354.0	2.0
5355.0	1.0
5359.0	1.0
5360.0	1.0
5363.0	1.0
5364.0	2.0
5366.0	1.0
5367.0	1.0
5369.0	1.0
5371.0	2.0
5372.0	1.0
5373.0	1.0
5376.0	1.0
5377.0	1.0
5378.0	1.0
5379.0	1.0
5382.0	1.0
5383.0	1.0
5387.0	1.0
5390.0	1.0
5392.0	1.0
5393.0	1.0
5395.0	2.0
5397.0	2.0
5399.0	1.0
5400.0	1.0
5401.0	3.0
5403.0	1.0
5405.0	2.0
5411.0	1.0
5414.0	1.0
5415.0	1.0
5417.0	1.0
5418.0	1.0
5424.0	1.0
5425.0	1.0
5426.0	1.0
5427.0	4.0
5428.0	1.0
5429.0	1.0
5430.0	1.0
5434.0	3.0
5435.0	2.0
5436.0	1.0
5438.0	1.0
5440.0	1.0
5441.0	1.0
5442.0	1.0
5444.0	1.0
5445.0	3.0
5446.0	3.0
5449.0	2.0
5451.0	1.0
5455.0	2.0
5456.0	2.0
5457.0	1.0
5458.0	2.0
5459.0	1.0
5462.0	1.0
5464.0	3.0
5465.0	2.0
5468.0	2.0
5470.0	1.0
5471.0	6.0
5472.0	1.0
5475.0	1.0
5477.0	1.0
5483.0	2.0
5485.0	2.0
5488.0	1.0
5493.0	1.0
5494.0	2.0
5497.0	1.0
5498.0	2.0
5501.0	2.0
5502.0	3.0
5506.0	1.0
5509.0	1.0
5511.0	1.0
5513.0	1.0
5515.0	1.0
5516.0	1.0
5523.0	1.0
5527.0	1.0
5528.0	1.0
5533.0	2.0
5536.0	2.0
5537.0	1.0
5538.0	1.0
5540.0	1.0
5541.0	1.0
5548.0	2.0
5551.0	2.0
5558.0	1.0
5562.0	1.0
5565.0	1.0
5566.0	1.0
5570.0	1.0
5577.0	1.0
5581.0	1.0
5583.0	1.0
5587.0	2.0
5591.0	1.0
5593.0	1.0
5599.0	2.0
5601.0	2.0
5602.0	2.0
5603.0	2.0
5604.0	1.0
5605.0	1.0
5614.0	1.0
5615.0	2.0
5618.0	1.0
5619.0	1.0
5625.0	2.0
5626.0	1.0
5634.0	1.0
5635.0	2.0
5637.0	1.0
5638.0	1.0
5639.0	1.0
5641.0	1.0
5643.0	1.0
5645.0	1.0
5652.0	2.0
5657.0	1.0
5660.0	2.0
5662.0	1.0
5665.0	1.0
5666.0	1.0
5671.0	1.0
5675.0	1.0
5677.0	1.0
5678.0	1.0
5687.0	4.0
5688.0	1.0
5691.0	1.0
5694.0	1.0
5696.0	3.0
5700.0	2.0
5702.0	3.0
5705.0	1.0
5706.0	2.0
5707.0	1.0
5712.0	1.0
5717.0	2.0
5718.0	1.0
5721.0	1.0
5722.0	2.0
5723.0	1.0
5728.0	2.0
5729.0	1.0
5733.0	1.0
5734.0	2.0
5736.0	1.0
5738.0	1.0
5739.0	1.0
5742.0	1.0
5743.0	2.0
5745.0	1.0
5747.0	1.0
5748.0	1.0
5750.0	1.0
5752.0	1.0
5753.0	1.0
5755.0	2.0
5759.0	1.0
5760.0	1.0
5762.0	1.0
5763.0	1.0
5767.0	1.0
5771.0	2.0
5775.0	1.0
5777.0	1.0
5781.0	1.0
5800.0	1.0
5802.0	1.0
5805.0	1.0
5808.0	2.0
5809.0	1.0
5811.0	1.0
5814.0	1.0
5815.0	1.0
5818.0	1.0
5821.0	2.0
5822.0	1.0
5823.0	1.0
5825.0	1.0
5832.0	1.0
5833.0	1.0
5838.0	1.0
5839.0	1.0
5848.0	1.0
5849.0	1.0
5852.0	1.0
5853.0	1.0
5856.0	1.0
5858.0	1.0
5864.0	1.0
5867.0	1.0
5870.0	1.0
5876.0	1.0
5877.0	1.0
5889.0	1.0
5891.0	1.0
5899.0	1.0
5902.0	1.0
5903.0	1.0
5906.0	1.0
5907.0	1.0
5915.0	1.0
5916.0	1.0
5917.0	1.0
5918.0	1.0
5919.0	1.0
5920.0	1.0
5921.0	1.0
5922.0	1.0
5923.0	1.0
5924.0	1.0
5926.0	1.0
5936.0	2.0
5939.0	1.0
5940.0	2.0
5943.0	1.0
5945.0	1.0
5946.0	1.0
5955.0	4.0
5960.0	2.0
5961.0	2.0
5962.0	1.0
5964.0	1.0
5965.0	1.0
5976.0	2.0
5981.0	1.0
5983.0	1.0
5985.0	1.0
5994.0	2.0
5997.0	1.0
6003.0	1.0
6005.0	2.0
6006.0	2.0
6009.0	1.0
6010.0	1.0
6013.0	1.0
6014.0	1.0
6015.0	1.0
6016.0	1.0
6017.0	1.0
6020.0	1.0
6021.0	1.0
6023.0	2.0
6029.0	1.0
6033.0	2.0
6042.0	1.0
6043.0	1.0
6076.0	1.0
6082.0	1.0
6083.0	1.0
6090.0	1.0
6091.0	1.0
6097.0	1.0
6098.0	1.0
6105.0	1.0
6107.0	1.0
6111.0	2.0
6113.0	1.0
6115.0	1.0
6119.0	1.0
6121.0	2.0
6122.0	1.0
6127.0	1.0
6130.0	1.0
6143.0	1.0
6147.0	1.0
6153.0	1.0
6154.0	1.0
6156.0	2.0
6161.0	1.0
6162.0	1.0
6163.0	2.0
6181.0	1.0
6183.0	1.0
6184.0	1.0
6190.0	1.0
6191.0	1.0
6204.0	2.0
6205.0	1.0
6207.0	1.0
6212.0	1.0
6214.0	1.0
6233.0	1.0
6236.0	1.0
6237.0	1.0
6240.0	2.0
6245.0	1.0
6247.0	1.0
6257.0	1.0
6258.0	1.0
6261.0	2.0
6268.0	1.0
6276.0	1.0
6279.0	2.0
6282.0	1.0
6284.0	1.0
6289.0	1.0
6292.0	1.0
6293.0	1.0
6299.0	1.0
6300.0	1.0
6301.0	1.0
6308.0	1.0
6309.0	1.0
6310.0	1.0
6317.0	1.0
6321.0	1.0
6343.0	1.0
6344.0	1.0
6351.0	1.0
6352.0	1.0
6354.0	1.0
6361.0	2.0
6364.0	1.0
6367.0	1.0
6371.0	1.0
6374.0	1.0
6388.0	1.0
6390.0	1.0
6391.0	1.0
6394.0	1.0
6409.0	1.0
6410.0	1.0
6411.0	1.0
6413.0	1.0
6415.0	1.0
6418.0	1.0
6419.0	1.0
6420.0	1.0
6421.0	1.0
6428.0	1.0
6435.0	3.0
6436.0	1.0
6441.0	1.0
6445.0	2.0
6448.0	1.0
6450.0	1.0
6452.0	1.0
6463.0	1.0
6467.0	1.0
6469.0	1.0
6472.0	1.0
6473.0	1.0
6478.0	1.0
6481.0	2.0
6492.0	1.0
6495.0	1.0
6498.0	1.0
6500.0	1.0
6502.0	1.0
6504.0	1.0
6505.0	1.0
6507.0	1.0
6514.0	1.0
6520.0	1.0
6522.0	2.0
6533.0	1.0
6539.0	1.0
6544.0	1.0
6551.0	3.0
6553.0	1.0
6555.0	1.0
6558.0	1.0
6566.0	3.0
6572.0	1.0
6575.0	1.0
6577.0	1.0
6578.0	1.0
6585.0	1.0
6587.0	1.0
6590.0	1.0
6592.0	2.0
6595.0	1.0
6596.0	1.0
6600.0	2.0
6602.0	1.0
6604.0	1.0
6608.0	1.0
6610.0	1.0
6616.0	1.0
6620.0	1.0
6621.0	1.0
6626.0	1.0
6630.0	1.0
6632.0	1.0
6633.0	1.0
6637.0	1.0
6641.0	1.0
6643.0	1.0
6644.0	1.0
6653.0	1.0
6654.0	3.0
6657.0	1.0
6659.0	1.0
6660.0	2.0
6665.0	1.0
6671.0	1.0
6676.0	1.0
6684.0	1.0
6685.0	1.0
6687.0	1.0
6688.0	1.0
6695.0	1.0
6703.0	2.0
6705.0	1.0
6707.0	1.0
6712.0	1.0
6719.0	2.0
6725.0	1.0
6726.0	1.0
6728.0	1.0
6735.0	1.0
6747.0	1.0
6748.0	1.0
6749.0	1.0
6751.0	1.0
6753.0	1.0
6754.0	1.0
6761.0	1.0
6763.0	1.0
6767.0	1.0
6772.0	1.0
6773.0	1.0
6775.0	1.0
6781.0	3.0
6782.0	1.0
6784.0	1.0
6789.0	1.0
6790.0	1.0
6792.0	1.0
6798.0	1.0
6805.0	1.0
6806.0	2.0
6810.0	2.0
6817.0	1.0
6825.0	2.0
6827.0	1.0
6829.0	1.0
6834.0	1.0
6835.0	1.0
6836.0	1.0
6838.0	1.0
6840.0	1.0
6842.0	1.0
6843.0	1.0
6845.0	1.0
6847.0	1.0
6854.0	1.0
6855.0	1.0
6858.0	1.0
6862.0	2.0
6863.0	1.0
6864.0	1.0
6871.0	2.0
6875.0	1.0
6876.0	3.0
6881.0	1.0
6884.0	1.0
6890.0	1.0
6893.0	1.0
6894.0	2.0
6899.0	1.0
6901.0	1.0
6904.0	1.0
6911.0	2.0
6912.0	1.0
6913.0	1.0
6926.0	1.0
6929.0	1.0
6936.0	1.0
6941.0	1.0
6942.0	1.0
6943.0	1.0
6945.0	1.0
6950.0	1.0
6951.0	2.0
6953.0	1.0
6957.0	1.0
6958.0	1.0
6960.0	2.0
6962.0	2.0
6968.0	1.0
6970.0	1.0
6975.0	1.0
6976.0	1.0
6979.0	2.0
6984.0	1.0
6985.0	1.0
6986.0	1.0
6994.0	2.0
6996.0	3.0
6997.0	1.0
7000.0	1.0
7001.0	1.0
7002.0	1.0
7005.0	1.0
7006.0	1.0
7007.0	1.0
7009.0	1.0
7010.0	4.0
7011.0	2.0
7014.0	1.0
7016.0	1.0
7020.0	1.0
7021.0	2.0
7024.0	1.0
7025.0	2.0
7027.0	1.0
7029.0	1.0
7030.0	1.0
7031.0	1.0
7035.0	1.0
7036.0	1.0
7040.0	2.0
7053.0	1.0
7057.0	2.0
7068.0	1.0
7070.0	1.0
7074.0	1.0
7076.0	2.0
7079.0	1.0
7081.0	1.0
7086.0	1.0
7087.0	1.0
7089.0	1.0
7091.0	1.0
7095.0	1.0
7096.0	1.0
7098.0	1.0
7102.0	1.0
7106.0	1.0
7109.0	1.0
7111.0	2.0
7113.0	1.0
7115.0	1.0
7120.0	1.0
7123.0	1.0
7125.0	1.0
7126.0	1.0
7139.0	2.0
7141.0	2.0
7143.0	1.0
7144.0	1.0
7148.0	2.0
7149.0	1.0
7155.0	2.0
7158.0	1.0
7159.0	1.0
7167.0	2.0
7168.0	1.0
7173.0	2.0
7174.0	1.0
7177.0	1.0
7180.0	2.0
7181.0	1.0
7183.0	1.0
7184.0	1.0
7186.0	1.0
7188.0	1.0
7194.0	1.0
7200.0	1.0
7201.0	2.0
7202.0	1.0
7205.0	2.0
7207.0	1.0
7208.0	2.0
7214.0	1.0
7222.0	3.0
7225.0	1.0
7229.0	1.0
7232.0	1.0
7233.0	1.0
7235.0	1.0
7239.0	1.0
7240.0	2.0
7243.0	1.0
7246.0	1.0
7248.0	1.0
7250.0	1.0
7256.0	1.0
7262.0	3.0
7264.0	1.0
7268.0	2.0
7271.0	4.0
7275.0	1.0
7277.0	2.0
7282.0	1.0
7283.0	1.0
7289.0	1.0
7290.0	1.0
7292.0	1.0
7294.0	2.0
7295.0	1.0
7306.0	1.0
7310.0	1.0
7311.0	1.0
7312.0	1.0
7313.0	1.0
7317.0	1.0
7324.0	1.0
7326.0	2.0
7328.0	1.0
7329.0	1.0
7330.0	1.0
7333.0	2.0
7336.0	4.0
7337.0	1.0
7338.0	4.0
7339.0	1.0
7343.0	3.0
7345.0	1.0
7347.0	1.0
7348.0	1.0
7351.0	1.0
7352.0	1.0
7355.0	1.0
7356.0	1.0
7358.0	1.0
7359.0	2.0
7361.0	2.0
7364.0	1.0
7367.0	1.0
7374.0	1.0
7377.0	1.0
7378.0	2.0
7379.0	1.0
7380.0	1.0
7381.0	1.0
7384.0	1.0
7385.0	2.0
7388.0	2.0
7391.0	1.0
7394.0	1.0
7395.0	2.0
7397.0	1.0
7400.0	2.0
7403.0	2.0
7404.0	1.0
7411.0	1.0
7413.0	1.0
7414.0	1.0
7418.0	2.0
7419.0	1.0
7423.0	1.0
7424.0	1.0
7425.0	2.0
7426.0	1.0
7427.0	1.0
7432.0	1.0
7434.0	1.0
7440.0	1.0
7441.0	1.0
7445.0	1.0
7448.0	1.0
7456.0	1.0
7457.0	1.0
7459.0	1.0
7462.0	1.0
7469.0	1.0
7470.0	1.0
7483.0	1.0
7484.0	1.0
7488.0	2.0
7493.0	2.0
7498.0	1.0
7499.0	1.0
7503.0	1.0
7505.0	1.0
7510.0	1.0
7514.0	1.0
7516.0	1.0
7521.0	1.0
7523.0	1.0
7524.0	1.0
7530.0	1.0
7538.0	2.0
7542.0	1.0
7544.0	1.0
7547.0	1.0
7551.0	1.0
7552.0	1.0
7553.0	2.0
7556.0	2.0
7558.0	1.0
7560.0	1.0
7561.0	1.0
7562.0	1.0
7566.0	2.0
7567.0	2.0
7569.0	1.0
7570.0	1.0
7571.0	1.0
7574.0	1.0
7577.0	2.0
7580.0	1.0
7584.0	1.0
7585.0	1.0
7591.0	1.0
7594.0	1.0
7595.0	1.0
7601.0	1.0
7611.0	1.0
7617.0	1.0
7621.0	1.0
7622.0	1.0
7623.0	1.0
7629.0	1.0
7647.0	1.0
7653.0	1.0
7654.0	2.0
7659.0	1.0
7667.0	1.0
7668.0	2.0
7669.0	1.0
7681.0	1.0
7682.0	1.0
7683.0	1.0
7688.0	1.0
7689.0	1.0
7693.0	1.0
7694.0	1.0
7712.0	1.0
7726.0	1.0
7734.0	1.0
7742.0	1.0
7746.0	1.0
7752.0	1.0
7765.0	1.0
7770.0	1.0
7772.0	1.0
7776.0	1.0
7780.0	1.0
7782.0	1.0
7786.0	1.0
7790.0	1.0
7802.0	1.0
7808.0	2.0
7809.0	1.0
7813.0	1.0
7814.0	1.0
7815.0	1.0
7819.0	1.0
7825.0	1.0
7828.0	1.0
7838.0	1.0
7841.0	1.0
7845.0	1.0
7851.0	2.0
7852.0	1.0
7853.0	1.0
7866.0	1.0
7872.0	1.0
7880.0	2.0
7884.0	1.0
7888.0	1.0
7899.0	1.0
7903.0	1.0
7907.0	1.0
7908.0	1.0
7911.0	1.0
7916.0	1.0
7917.0	1.0
7918.0	1.0
7924.0	2.0
7942.0	1.0
7946.0	1.0
7948.0	1.0
7966.0	1.0
7973.0	1.0
7976.0	1.0
7978.0	1.0
7983.0	1.0
7993.0	1.0
8006.0	1.0
8008.0	1.0
8012.0	1.0
8021.0	1.0
8024.0	2.0
8028.0	1.0
8029.0	1.0
8034.0	1.0
8035.0	1.0
8055.0	1.0
8056.0	1.0
8059.0	1.0
8071.0	1.0
8072.0	1.0
8073.0	1.0
8075.0	1.0
8076.0	1.0
8079.0	1.0
8081.0	1.0
8082.0	1.0
8085.0	1.0
8091.0	1.0
8092.0	1.0
8094.0	1.0
8100.0	1.0
8107.0	1.0
8111.0	1.0
8115.0	1.0
8118.0	1.0
8127.0	1.0
8136.0	1.0
8139.0	1.0
8144.0	1.0
8157.0	1.0
8160.0	1.0
8162.0	2.0
8165.0	1.0
8172.0	1.0
8177.0	1.0
8180.0	2.0
8182.0	2.0
8184.0	1.0
8191.0	1.0
8195.0	1.0
8197.0	1.0
8199.0	1.0
8212.0	1.0
8214.0	1.0
8223.0	1.0
8224.0	1.0
8236.0	1.0
8246.0	2.0
8248.0	1.0
8256.0	1.0
8257.0	2.0
8260.0	1.0
8262.0	1.0
8267.0	1.0
8274.0	1.0
8277.0	1.0
8278.0	1.0
8285.0	1.0
8303.0	2.0
8309.0	1.0
8311.0	1.0
8319.0	1.0
8322.0	1.0
8324.0	1.0
8328.0	1.0
8330.0	1.0
8331.0	1.0
8336.0	1.0
8337.0	1.0
8350.0	2.0
8367.0	1.0
8370.0	1.0
8372.0	1.0
8379.0	1.0
8384.0	3.0
8393.0	1.0
8397.0	1.0
8410.0	1.0
8412.0	1.0
8415.0	1.0
8419.0	1.0
8420.0	1.0
8422.0	1.0
8436.0	1.0
8448.0	1.0
8454.0	1.0
8459.0	1.0
8469.0	1.0
8472.0	1.0
8474.0	1.0
8477.0	1.0
8478.0	1.0
8483.0	1.0
8487.0	2.0
8490.0	1.0
8511.0	1.0
8512.0	1.0
8514.0	1.0
8523.0	1.0
8524.0	1.0
8525.0	1.0
8529.0	1.0
8531.0	1.0
8532.0	1.0
8534.0	1.0
8543.0	1.0
8552.0	1.0
8553.0	1.0
8558.0	2.0
8561.0	1.0
8568.0	1.0
8575.0	1.0
8581.0	1.0
8590.0	1.0
8592.0	1.0
8604.0	1.0
8607.0	1.0
8612.0	2.0
8622.0	1.0
8624.0	1.0
8625.0	1.0
8633.0	1.0
8640.0	1.0
8643.0	1.0
8651.0	1.0
8654.0	1.0
8666.0	1.0
8669.0	1.0
8670.0	2.0
8680.0	1.0
8681.0	1.0
8693.0	1.0
8699.0	2.0
8704.0	2.0
8705.0	1.0
8708.0	2.0
8712.0	1.0
8720.0	1.0
8725.0	1.0
8728.0	1.0
8736.0	1.0
8739.0	1.0
8743.0	1.0
8744.0	1.0
8747.0	1.0
8748.0	2.0
8751.0	1.0
8759.0	1.0
8766.0	2.0
8778.0	1.0
8781.0	1.0
8786.0	2.0
8790.0	1.0
8791.0	2.0
8794.0	1.0
8800.0	1.0
8804.0	1.0
8807.0	1.0
8808.0	1.0
8809.0	1.0
8811.0	1.0
8812.0	1.0
8817.0	1.0
8821.0	1.0
8826.0	1.0
8828.0	1.0
8830.0	1.0
8832.0	1.0
8837.0	1.0
8838.0	1.0
8841.0	2.0
8843.0	1.0
8848.0	1.0
8855.0	2.0
8856.0	1.0
8860.0	1.0
8863.0	1.0
8866.0	1.0
8875.0	1.0
8876.0	1.0
8879.0	2.0
8887.0	1.0
8909.0	1.0
8912.0	1.0
8924.0	1.0
8925.0	2.0
8940.0	1.0
8943.0	1.0
8948.0	1.0
8953.0	2.0
8966.0	1.0
8989.0	1.0
8996.0	1.0
8999.0	1.0
9002.0	1.0
9009.0	1.0
9014.0	1.0
9024.0	1.0
9030.0	1.0
9032.0	1.0
9035.0	1.0
9039.0	1.0
9043.0	1.0
9055.0	2.0
9069.0	1.0
9076.0	1.0
9085.0	1.0
9088.0	1.0
9097.0	1.0
9114.0	1.0
9126.0	1.0
9140.0	1.0
9142.0	1.0
9146.0	1.0
9154.0	1.0
9164.0	2.0
9168.0	1.0
9178.0	1.0
9183.0	1.0
9186.0	1.0
9188.0	2.0
9191.0	1.0
9207.0	1.0
9217.0	1.0
9221.0	1.0
9225.0	1.0
9230.0	1.0
9235.0	1.0
9245.0	1.0
9252.0	1.0
9274.0	1.0
9279.0	1.0
9284.0	1.0
9288.0	2.0
9290.0	1.0
9291.0	1.0
9292.0	1.0
9312.0	1.0
9314.0	1.0
9316.0	1.0
9318.0	1.0
9319.0	1.0
9340.0	1.0
9343.0	1.0
9350.0	1.0
9358.0	1.0
9360.0	1.0
9378.0	1.0
9380.0	1.0
9382.0	1.0
9384.0	1.0
9398.0	1.0
9404.0	1.0
9420.0	1.0
9428.0	1.0
9434.0	1.0
9441.0	1.0
9449.0	1.0
9450.0	1.0
9453.0	1.0
9458.0	1.0
9459.0	1.0
9461.0	1.0
9467.0	1.0
9469.0	2.0
9478.0	1.0
9481.0	1.0
9492.0	1.0
9518.0	1.0
9524.0	1.0
9532.0	1.0
9542.0	1.0
9550.0	1.0
9551.0	1.0
9559.0	1.0
9562.0	1.0
9567.0	1.0
9576.0	1.0
9581.0	1.0
9591.0	1.0
9599.0	2.0
9611.0	1.0
9616.0	1.0
9629.0	1.0
9630.0	1.0
9632.0	1.0
9637.0	1.0
9638.0	1.0
9641.0	1.0
9648.0	1.0
9656.0	1.0
9659.0	2.0
9682.0	1.0
9699.0	1.0
9709.0	1.0
9722.0	2.0
9727.0	1.0
9731.0	2.0
9741.0	1.0
9765.0	1.0
9767.0	1.0
9772.0	1.0
9780.0	1.0
9783.0	1.0
9791.0	1.0
9793.0	1.0
9794.0	1.0
9803.0	2.0
9808.0	1.0
9809.0	1.0
9829.0	1.0
9840.0	1.0
9851.0	1.0
9859.0	1.0
9864.0	1.0
9875.0	1.0
9895.0	1.0
9897.0	1.0
9898.0	1.0
9923.0	1.0
9928.0	2.0
9933.0	1.0
9942.0	1.0
9949.0	1.0
9951.0	1.0
9952.0	1.0
9962.0	1.0
9973.0	1.0
9984.0	1.0
10000.0	1.0
10006.0	1.0
10009.0	1.0
10023.0	1.0
10027.0	1.0
10033.0	2.0
10043.0	1.0
10044.0	1.0
10047.0	1.0
10067.0	1.0
10071.0	1.0
10075.0	2.0
10093.0	1.0
10094.0	1.0
10097.0	2.0
10100.0	1.0
10116.0	1.0
10121.0	1.0
10123.0	1.0
10124.0	2.0
10150.0	1.0
10152.0	1.0
10156.0	1.0
10164.0	1.0
10165.0	1.0
10181.0	1.0
10182.0	1.0
10187.0	1.0
10189.0	1.0
10200.0	1.0
10207.0	1.0
10220.0	1.0
10235.0	3.0
10238.0	1.0
10241.0	1.0
10246.0	1.0
10259.0	1.0
10260.0	1.0
10269.0	1.0
10273.0	1.0
10287.0	1.0
10297.0	1.0
10300.0	1.0
10309.0	1.0
10326.0	1.0
10330.0	1.0
10331.0	1.0
10333.0	1.0
10334.0	1.0
10336.0	1.0
10337.0	1.0
10340.0	1.0
10343.0	1.0
10344.0	1.0
10348.0	1.0
10362.0	1.0
10367.0	1.0
10370.0	1.0
10373.0	1.0
10380.0	1.0
10392.0	1.0
10397.0	1.0
10400.0	1.0
10406.0	1.0
10410.0	1.0
10417.0	1.0
10425.0	1.0
10430.0	1.0
10431.0	1.0
10439.0	1.0
10446.0	1.0
10455.0	1.0
10457.0	1.0
10465.0	1.0
10469.0	1.0
10473.0	1.0
10474.0	1.0
10479.0	1.0
10486.0	2.0
10502.0	1.0
10513.0	1.0
10514.0	1.0
10515.0	1.0
10525.0	2.0
10529.0	1.0
10533.0	1.0
10543.0	1.0
10545.0	1.0
10551.0	1.0
10555.0	1.0
10560.0	1.0
10563.0	1.0
10566.0	1.0
10568.0	1.0
10571.0	1.0
10577.0	1.0
10597.0	1.0
10605.0	1.0
10607.0	1.0
10610.0	1.0
10614.0	1.0
10615.0	1.0
10617.0	1.0
10621.0	1.0
10633.0	2.0
10636.0	1.0
10640.0	1.0
10641.0	1.0
10644.0	1.0
10651.0	1.0
10653.0	1.0
10655.0	1.0
10656.0	2.0
10657.0	1.0
10666.0	2.0
10667.0	1.0
10669.0	1.0
10671.0	1.0
10675.0	1.0
10680.0	1.0
10683.0	2.0
10689.0	1.0
10691.0	1.0
10693.0	1.0
10700.0	2.0
10704.0	1.0
10706.0	1.0
10707.0	1.0
10709.0	1.0
10711.0	1.0
10719.0	1.0
10723.0	1.0
10727.0	1.0
10729.0	1.0
10731.0	1.0
10734.0	1.0
10735.0	1.0
10737.0	1.0
10738.0	2.0
10742.0	1.0
10744.0	2.0
10748.0	1.0
10750.0	1.0
10752.0	1.0
10754.0	1.0
10755.0	2.0
10764.0	1.0
10770.0	1.0
10779.0	1.0
10783.0	1.0
10788.0	1.0
10793.0	1.0
10797.0	1.0
10799.0	1.0
10801.0	1.0
10804.0	2.0
10809.0	1.0
10811.0	1.0
10842.0	1.0
10857.0	1.0
10876.0	1.0
10879.0	1.0
10902.0	1.0
10903.0	1.0
10934.0	1.0
10942.0	1.0
10943.0	1.0
10953.0	1.0
10969.0	1.0
10984.0	1.0
11014.0	1.0
11017.0	1.0
11018.0	1.0
11029.0	1.0
11052.0	1.0
11095.0	1.0
11103.0	1.0
11104.0	1.0
11114.0	1.0
11116.0	1.0
11121.0	1.0
11147.0	1.0
11152.0	1.0
11162.0	1.0
11180.0	1.0
11194.0	1.0
11203.0	1.0
11230.0	1.0
11236.0	1.0
11247.0	1.0
11252.0	1.0
11254.0	1.0
11278.0	1.0
11287.0	1.0
11288.0	1.0
11314.0	1.0
11332.0	1.0
11333.0	1.0
11336.0	2.0
11342.0	1.0
11349.0	1.0
11377.0	1.0
11382.0	1.0
11390.0	2.0
11411.0	1.0
11413.0	1.0
11429.0	2.0
11450.0	1.0
11451.0	1.0
11453.0	1.0
11461.0	1.0
11471.0	1.0
11475.0	1.0
11493.0	1.0
11494.0	3.0
11507.0	1.0
11510.0	1.0
11518.0	1.0
11543.0	1.0
11553.0	1.0
11554.0	1.0
11565.0	1.0
11566.0	1.0
11583.0	1.0
11591.0	1.0
11593.0	1.0
11598.0	1.0
11603.0	1.0
11612.0	1.0
11613.0	1.0
11615.0	1.0
11618.0	2.0
11622.0	2.0
11629.0	1.0
11631.0	1.0
11632.0	1.0
11636.0	1.0
11639.0	1.0
11643.0	2.0
11647.0	1.0
11648.0	1.0
11655.0	1.0
11664.0	1.0
11671.0	1.0
11684.0	1.0
11696.0	1.0
11700.0	2.0
11719.0	1.0
11748.0	1.0
11751.0	1.0
11755.0	1.0
11791.0	1.0
11798.0	2.0
11806.0	2.0
11843.0	1.0
11855.0	1.0
11880.0	1.0
11914.0	1.0
11941.0	1.0
11942.0	1.0
11951.0	1.0
11958.0	1.0
11965.0	1.0
11991.0	1.0
12003.0	1.0
12015.0	1.0
12028.0	1.0
12029.0	1.0
12056.0	1.0
12087.0	1.0
12102.0	1.0
12108.0	1.0
12112.0	1.0
12118.0	1.0
12126.0	1.0
12152.0	1.0
12179.0	1.0
12189.0	1.0
12190.0	1.0
12208.0	1.0
12215.0	1.0
12224.0	1.0
12225.0	1.0
12267.0	1.0
12286.0	1.0
12321.0	1.0
12328.0	1.0
12332.0	1.0
12333.0	1.0
12336.0	1.0
12402.0	1.0
12410.0	1.0
12415.0	1.0
12435.0	1.0
12472.0	1.0
12482.0	1.0
12484.0	1.0
12489.0	1.0
12496.0	1.0
12533.0	1.0
12558.0	1.0
12559.0	1.0
12567.0	1.0
12569.0	1.0
12577.0	1.0
12590.0	1.0
12608.0	1.0
12620.0	2.0
12636.0	1.0
12696.0	1.0
12700.0	1.0
12712.0	1.0
12714.0	1.0
12718.0	1.0
12730.0	1.0
12746.0	2.0
12768.0	1.0
12785.0	1.0
12795.0	1.0
12798.0	1.0
12834.0	1.0
12836.0	1.0
12842.0	1.0
12855.0	1.0
12878.0	2.0
12882.0	1.0
12886.0	1.0
12927.0	1.0
12929.0	1.0
12930.0	1.0
12937.0	1.0
12938.0	1.0
12943.0	1.0
12947.0	1.0
12972.0	1.0
12984.0	1.0
13024.0	1.0
13028.0	1.0
13029.0	1.0
13040.0	1.0
13043.0	1.0
13060.0	1.0
13066.0	1.0
13067.0	1.0
13072.0	1.0
13089.0	1.0
13097.0	1.0
13145.0	1.0
13150.0	1.0
13161.0	1.0
13162.0	1.0
13167.0	1.0
13172.0	1.0
13173.0	1.0
13187.0	1.0
13191.0	1.0
13194.0	1.0
13196.0	1.0
13206.0	1.0
13239.0	2.0
13240.0	2.0
13245.0	1.0
13257.0	1.0
13267.0	1.0
13270.0	1.0
13271.0	1.0
13297.0	1.0
13316.0	1.0
13321.0	1.0
13323.0	1.0
13338.0	1.0
13348.0	1.0
13350.0	1.0
13351.0	1.0
13368.0	1.0
13384.0	1.0
13393.0	1.0
13396.0	1.0
13397.0	2.0
13411.0	1.0
13418.0	1.0
13430.0	1.0
13434.0	1.0
13449.0	2.0
13451.0	1.0
13453.0	1.0
13454.0	1.0
13460.0	2.0
13466.0	1.0
13469.0	1.0
13470.0	1.0
13475.0	1.0
13481.0	3.0
13489.0	2.0
13500.0	1.0
13538.0	1.0
13544.0	1.0
13558.0	1.0
13569.0	1.0
13607.0	1.0
13639.0	1.0
13651.0	1.0
13661.0	1.0
13671.0	1.0
13686.0	1.0
13707.0	1.0
13710.0	1.0
13727.0	1.0
13754.0	1.0
13790.0	1.0
13794.0	1.0
13809.0	1.0
13813.0	1.0
13814.0	1.0
13865.0	1.0
13878.0	1.0
13879.0	2.0
13895.0	1.0
13897.0	1.0
13934.0	1.0
13952.0	1.0
13971.0	1.0
13987.0	1.0
14004.0	1.0
14006.0	1.0
14007.0	1.0
14032.0	1.0
14041.0	1.0
14065.0	2.0
14067.0	1.0
14071.0	1.0
14109.0	1.0
14119.0	1.0
14133.0	1.0
14136.0	1.0
14167.0	1.0
14177.0	1.0
14189.0	1.0
14193.0	1.0
14207.0	1.0
14213.0	1.0
14215.0	1.0
14218.0	1.0
14249.0	1.0
14252.0	1.0
14253.0	1.0
14254.0	1.0
14272.0	1.0
14274.0	1.0
14292.0	1.0
14309.0	1.0
14311.0	1.0
14313.0	2.0
14322.0	1.0
14328.0	2.0
14335.0	2.0
14344.0	2.0
14346.0	1.0
14359.0	1.0
14383.0	1.0
14429.0	1.0
14434.0	2.0
14484.0	1.0
14519.0	1.0
14539.0	1.0
14610.0	1.0
14611.0	1.0
14645.0	1.0
14651.0	1.0
14682.0	1.0
14702.0	1.0
14745.0	1.0
14767.0	1.0
14771.0	1.0
14775.0	1.0
14799.0	1.0
14804.0	1.0
14839.0	1.0
14844.0	1.0
14880.0	1.0
14897.0	1.0
14904.0	1.0
14930.0	1.0
14955.0	2.0
14972.0	1.0
14992.0	1.0
15001.0	1.0
15010.0	1.0
15022.0	2.0
15025.0	1.0
15046.0	1.0
15067.0	1.0
15070.0	1.0
15079.0	1.0
15117.0	1.0
15124.0	1.0
15138.0	1.0
15149.0	1.0
15155.0	1.0
15158.0	1.0
15159.0	1.0
15169.0	1.0
15178.0	1.0
15191.0	1.0
15193.0	1.0
15225.0	1.0
15229.0	1.0
15255.0	1.0
15284.0	2.0
15291.0	1.0
15293.0	1.0
15295.0	1.0
15296.0	1.0
15302.0	2.0
15303.0	1.0
15307.0	1.0
15310.0	1.0
15320.0	1.0
15398.0	1.0
15439.0	1.0
15542.0	1.0
15603.0	1.0
15642.0	1.0
15659.0	1.0
15691.0	1.0
15738.0	1.0
15837.0	1.0
15844.0	1.0
15849.0	1.0
15901.0	1.0
15984.0	1.0
16040.0	1.0
16123.0	1.0
16139.0	1.0
16140.0	1.0
16175.0	1.0
16268.0	1.0
16328.0	1.0
16371.0	1.0
16382.0	1.0
16403.0	1.0
16456.0	1.0
16536.0	1.0
16543.0	1.0
16557.0	1.0
16582.0	1.0
16664.0	1.0
16716.0	1.0
16784.0	1.0
16788.0	1.0
16818.0	1.0
16832.0	1.0
16914.0	1.0
16948.0	1.0
16954.0	1.0
16985.0	1.0
17032.0	1.0
17088.0	1.0
17135.0	1.0
17166.0	1.0
17167.0	1.0
17213.0	1.0
17306.0	1.0
17338.0	1.0
17374.0	1.0
17388.0	1.0
17407.0	1.0
17449.0	1.0
17521.0	1.0
17533.0	1.0
17548.0	1.0
17564.0	1.0
17619.0	1.0
17648.0	1.0
17657.0	1.0
17713.0	1.0
17720.0	2.0
17778.0	1.0
17785.0	1.0
17802.0	1.0
17820.0	1.0
17842.0	1.0
17866.0	1.0
17867.0	1.0
17868.0	1.0
17908.0	1.0
17919.0	1.0
17928.0	1.0
