#Insert size (bp)	insert size
29.0	4.0
30.0	10.0
31.0	23.0
32.0	55.0
33.0	92.0
34.0	181.0
35.0	302.0
36.0	426.0
37.0	621.0
38.0	840.0
39.0	955.0
40.0	1473.0
41.0	1673.0
42.0	1777.0
43.0	1764.0
44.0	1809.0
45.0	1813.0
46.0	1935.0
47.0	1880.0
48.0	1867.0
49.0	1860.0
50.0	1936.0
51.0	1856.0
52.0	1953.0
53.0	1955.0
54.0	2048.0
55.0	2056.0
56.0	2180.0
57.0	2251.0
58.0	2247.0
59.0	2350.0
60.0	2475.0
61.0	2435.0
62.0	2566.0
63.0	2558.0
64.0	2641.0
65.0	2687.0
66.0	2771.0
67.0	2742.0
68.0	2883.0
69.0	2929.0
70.0	2903.0
71.0	3079.0
72.0	3174.0
73.0	3056.0
74.0	3267.0
75.0	3295.0
76.0	3445.0
77.0	3384.0
78.0	3442.0
79.0	3594.0
80.0	3497.0
81.0	3630.0
82.0	3683.0
83.0	3670.0
84.0	3732.0
85.0	3735.0
86.0	3982.0
87.0	3913.0
88.0	4007.0
89.0	3985.0
90.0	4085.0
91.0	4274.0
92.0	4271.0
93.0	4179.0
94.0	4463.0
95.0	4390.0
96.0	4417.0
97.0	4375.0
98.0	4781.0
99.0	4825.0
100.0	5041.0
101.0	5056.0
102.0	5279.0
103.0	5172.0
104.0	5363.0
105.0	5169.0
106.0	5640.0
107.0	5610.0
108.0	5681.0
109.0	5544.0
110.0	5622.0
111.0	5850.0
112.0	5946.0
113.0	6231.0
114.0	6364.0
115.0	6201.0
116.0	6393.0
117.0	6585.0
118.0	6576.0
119.0	7083.0
120.0	7206.0
121.0	7251.0
122.0	7475.0
123.0	7614.0
124.0	7770.0
125.0	8047.0
126.0	8462.0
127.0	8464.0
128.0	8997.0
129.0	9353.0
130.0	9639.0
131.0	9955.0
132.0	10080.0
133.0	10817.0
134.0	10775.0
135.0	11388.0
136.0	11438.0
137.0	12460.0
138.0	12609.0
139.0	13018.0
140.0	13209.0
141.0	13092.0
142.0	13700.0
143.0	14317.0
144.0	14881.0
145.0	15185.0
146.0	15695.0
147.0	16424.0
148.0	16163.0
149.0	13738.0
150.0	16302.0
151.0	27849.0
152.0	21672.0
153.0	16879.0
154.0	16080.0
155.0	15550.0
156.0	15310.0
157.0	14899.0
158.0	14830.0
159.0	14450.0
160.0	14129.0
161.0	13948.0
162.0	13788.0
163.0	13686.0
164.0	13790.0
165.0	13668.0
166.0	13266.0
167.0	13086.0
168.0	13056.0
169.0	12663.0
170.0	12645.0
171.0	12673.0
172.0	12546.0
173.0	12318.0
174.0	12233.0
175.0	12193.0
176.0	12175.0
177.0	11700.0
178.0	11488.0
179.0	11729.0
180.0	12043.0
181.0	11724.0
182.0	11560.0
183.0	11416.0
184.0	11293.0
185.0	11177.0
186.0	11193.0
187.0	11055.0
188.0	11113.0
189.0	10874.0
190.0	10864.0
191.0	11158.0
192.0	10883.0
193.0	10624.0
194.0	10745.0
195.0	10786.0
196.0	10569.0
197.0	10554.0
198.0	10514.0
199.0	10191.0
200.0	10417.0
201.0	10330.0
202.0	10275.0
203.0	10204.0
204.0	10360.0
205.0	10004.0
206.0	10043.0
207.0	10074.0
208.0	9955.0
209.0	9995.0
210.0	10031.0
211.0	9861.0
212.0	9759.0
213.0	9670.0
214.0	9756.0
215.0	9751.0
216.0	9563.0
217.0	9540.0
218.0	9593.0
219.0	9573.0
220.0	9538.0
221.0	9574.0
222.0	9496.0
223.0	9445.0
224.0	9334.0
225.0	9346.0
226.0	9260.0
227.0	9277.0
228.0	9220.0
229.0	9054.0
230.0	9168.0
231.0	9156.0
232.0	9304.0
233.0	9241.0
234.0	9107.0
235.0	8973.0
236.0	8965.0
237.0	8927.0
238.0	8936.0
239.0	8865.0
240.0	8737.0
241.0	8801.0
242.0	8902.0
243.0	8760.0
244.0	8678.0
245.0	8538.0
246.0	8494.0
247.0	8548.0
248.0	8661.0
249.0	8555.0
250.0	8423.0
251.0	8424.0
252.0	8308.0
253.0	8301.0
254.0	8232.0
255.0	8395.0
256.0	8532.0
257.0	8497.0
258.0	8543.0
259.0	8342.0
260.0	8223.0
261.0	8060.0
262.0	8131.0
263.0	8246.0
264.0	8210.0
265.0	8254.0
266.0	7977.0
267.0	8048.0
268.0	8048.0
269.0	8126.0
270.0	7990.0
271.0	8035.0
272.0	8160.0
273.0	7892.0
274.0	7838.0
275.0	7837.0
276.0	7759.0
277.0	7824.0
278.0	7938.0
279.0	7700.0
280.0	7890.0
281.0	7979.0
282.0	7796.0
283.0	7686.0
284.0	7641.0
285.0	7523.0
286.0	7408.0
287.0	7544.0
288.0	7438.0
289.0	7415.0
290.0	7455.0
291.0	7261.0
292.0	7322.0
293.0	7446.0
294.0	7281.0
295.0	7158.0
296.0	7302.0
297.0	7137.0
298.0	7031.0
299.0	7128.0
300.0	6980.0
301.0	7017.0
302.0	6986.0
303.0	6815.0
304.0	6904.0
305.0	6866.0
306.0	6803.0
307.0	6793.0
308.0	6892.0
309.0	6778.0
310.0	6800.0
311.0	6847.0
312.0	6972.0
313.0	6845.0
314.0	6898.0
315.0	6799.0
316.0	6851.0
317.0	6771.0
318.0	6540.0
319.0	6707.0
320.0	6576.0
321.0	6563.0
322.0	6473.0
323.0	6500.0
324.0	6538.0
325.0	6436.0
326.0	6483.0
327.0	6508.0
328.0	6623.0
329.0	6680.0
330.0	6472.0
331.0	6444.0
332.0	6405.0
333.0	6416.0
334.0	6395.0
335.0	6458.0
336.0	6482.0
337.0	6464.0
338.0	6440.0
339.0	6393.0
340.0	6364.0
341.0	6392.0
342.0	6400.0
343.0	6469.0
344.0	6498.0
345.0	6413.0
346.0	6352.0
347.0	6382.0
348.0	6266.0
349.0	6148.0
350.0	6089.0
351.0	6108.0
352.0	6150.0
353.0	6080.0
354.0	6112.0
355.0	6262.0
356.0	6175.0
357.0	6180.0
358.0	6111.0
359.0	5997.0
360.0	6050.0
361.0	6177.0
362.0	6230.0
363.0	6052.0
364.0	5996.0
365.0	6087.0
366.0	6017.0
367.0	5941.0
368.0	5773.0
369.0	5844.0
370.0	5922.0
371.0	5949.0
372.0	6091.0
373.0	5997.0
374.0	5905.0
375.0	5973.0
376.0	5864.0
377.0	5810.0
378.0	5927.0
379.0	5832.0
380.0	5901.0
381.0	5775.0
382.0	5899.0
383.0	5909.0
384.0	5772.0
385.0	5761.0
386.0	5794.0
387.0	5836.0
388.0	5664.0
389.0	5516.0
390.0	5507.0
391.0	5722.0
392.0	5633.0
393.0	5718.0
394.0	5658.0
395.0	5659.0
396.0	5663.0
397.0	5739.0
398.0	5625.0
399.0	5409.0
400.0	5523.0
401.0	5586.0
402.0	5454.0
403.0	5612.0
404.0	5504.0
405.0	5459.0
406.0	5426.0
407.0	5384.0
408.0	5386.0
409.0	5402.0
410.0	5426.0
411.0	5440.0
412.0	5330.0
413.0	5327.0
414.0	5286.0
415.0	5186.0
416.0	5266.0
417.0	5346.0
418.0	5334.0
419.0	5318.0
420.0	5228.0
421.0	5275.0
422.0	5171.0
423.0	5303.0
424.0	5316.0
425.0	5170.0
426.0	4978.0
427.0	4967.0
428.0	5034.0
429.0	5092.0
430.0	5006.0
431.0	5060.0
432.0	4970.0
433.0	4965.0
434.0	4953.0
435.0	4965.0
436.0	4921.0
437.0	4944.0
438.0	4802.0
439.0	4860.0
440.0	4995.0
441.0	4942.0
442.0	4763.0
443.0	4805.0
444.0	4850.0
445.0	4799.0
446.0	4733.0
447.0	4765.0
448.0	4773.0
449.0	4682.0
450.0	4636.0
451.0	4726.0
452.0	4753.0
453.0	4706.0
454.0	4672.0
455.0	4618.0
456.0	4642.0
457.0	4570.0
458.0	4526.0
459.0	4584.0
460.0	4666.0
461.0	4619.0
462.0	4499.0
463.0	4428.0
464.0	4395.0
465.0	4315.0
466.0	4428.0
467.0	4495.0
468.0	4458.0
469.0	4325.0
470.0	4449.0
471.0	4492.0
472.0	4552.0
473.0	4559.0
474.0	4534.0
475.0	4461.0
476.0	4440.0
477.0	4391.0
478.0	4393.0
479.0	4449.0
480.0	4480.0
481.0	4500.0
482.0	4490.0
483.0	4580.0
484.0	4541.0
485.0	4525.0
486.0	4671.0
487.0	4601.0
488.0	4659.0
489.0	4515.0
490.0	4687.0
491.0	4785.0
492.0	4849.0
493.0	4997.0
494.0	5044.0
495.0	5037.0
496.0	5223.0
497.0	5291.0
498.0	5450.0
499.0	5670.0
500.0	6334.0
