# Position (bp)	A	C	G	T	N
0.0	35.538011561929636	12.291446157605748	17.159858568733917	35.01030187785898	3.8183387171909246E-4
1.0	32.88015762102224	15.946436344475245	16.169045491687477	34.965902235255484	0.03845830755954699
2.0	32.96119804195591	17.56735167663253	15.438719481927803	34.02998159560738	0.002749203876377466
3.0	32.63830404667537	16.522883303932126	16.250589933331806	34.5853360519905	0.002886664070196339
4.0	32.47153428486334	16.162752869481544	16.198660526778006	35.16579990377787	0.0012524150992386234
5.0	32.2386156231147	15.587161217897316	15.940785203173801	36.22885594935356	0.004582006460629109
6.0	33.87992088402178	15.219867580013288	15.043979625344605	35.84650278356892	0.009729127051402475
7.0	33.90582449387921	15.028874277379398	14.998648308094115	36.065308865418835	0.0013440552284512055
8.0	34.7652256256348	14.845319098566595	14.737718313516154	35.64955287253622	0.0021840897462332086
9.0	34.286451770563666	14.964527633317296	15.139957387339917	35.60669583877446	0.0023673700046583732
10.0	34.85258921548412	15.216095061360704	14.659427096458872	35.26406866900349	0.007819957692807014
11.0	34.424293798254254	15.051555209359513	15.021665253881341	35.5015998839225	8.858545823882945E-4
12.0	35.27288139476277	14.652615180187404	14.91592781812489	35.15712463821241	0.0014509687125325514
13.0	34.38951636921808	14.9528893369073	15.119216171428135	35.53281862127425	0.005559501172229986
14.0	34.966039695449304	15.076130037343352	14.610262167136323	35.34483416954951	0.002733930521508702
15.0	34.43373273156315	14.935370798872826	15.083995815100765	35.543555789746996	0.00334486471625925
16.0	35.13183196254974	14.6916844219417	14.8841897867076	35.28864349698733	0.0036503318136345236
17.0	34.47332126738299	14.848709783347461	15.048332531482203	35.62621518629675	0.0034212314906030684
18.0	35.28887259731036	14.744621869916836	14.684139384636532	35.27564587199401	0.006720276142256027
19.0	34.51987445302298	14.871894736038243	14.961106401826694	35.63990011225916	0.00722429685292523
20.0	35.24502279548214	14.724613775038756	14.815276409539738	35.20942060528306	0.005666414656311332
21.0	34.7290888680153	14.66093915859088	15.163890734419269	35.443332035098166	0.002749203876377466
22.0	35.188129548595995	14.947100735412036	14.664207656532795	35.19860707003597	0.0019549894232017534
23.0	34.60160217492573	14.943389310178928	14.870168846938075	35.5838927199554	9.469480018633493E-4
24.0	35.51562082369203	14.450090494627599	14.75337350225664	35.27998350477674	9.316746469945856E-4
25.0	34.6542799758681	14.812359198759802	14.969308193391221	35.56075358732922	0.003299044651652959
26.0	35.29977777268666	14.909436642305666	14.496613133557851	35.2911025071212	0.003069944328621503
27.0	34.64227511894125	14.837728241196821	15.038710317914884	35.480217187106234	0.001069134840813459
28.0	35.3396106821844	14.617486463989248	14.85491076542418	35.18469304375053	0.003299044651652959
29.0	34.5336510191146	14.827265993111716	15.046484455543082	35.59090318984016	0.0016953423904327704
30.0	35.418497560081555	14.751235232575011	14.570154337250948	35.25583633072923	0.004276539363253836
31.0	34.674349164165655	14.839744324039497	14.941831427982313	35.54141752006537	0.0026575637471648833
32.0	35.442644734129075	14.67748020191375	14.653424667995449	35.21746966329889	0.008980732662833054
33.0	34.76408012401964	14.78572246786868	14.982657105546519	35.46352341023468	0.004016892330484852
34.0	35.313508518713675	14.90853551436841	14.575515284809883	35.20082170649194	0.001618975616088952
35.0	34.639312088096716	14.924847457368248	14.87441483959159	35.55806547687232	0.0033601380711280136
36.0	35.49148892299938	14.469930582602123	14.810327842562257	35.22467868679695	0.003573965039290706
37.0	34.63495918195911	14.816819018381484	15.051814856392282	35.492512237775586	0.0038947054915347426
38.0	35.287436901952695	14.914858683284077	14.489526296898743	35.30382521172688	0.004352906137597654
39.0	34.72186457116238	14.855170412456948	14.883059558447313	35.537767188251735	0.002138269681626918
40.0	35.396349838413144	14.699275400535306	14.755209018841175	35.147423071402265	0.0017426708081085555
41.0	34.613599148305134	14.832272845922242	14.943278994637737	35.608462111176294	0.002386899958596466
42.0	35.533063882511684	14.632619273340449	14.47310826685127	35.358926566738084	0.0022820105585105973
43.0	34.72406560407127	14.927905095266706	14.751839876932191	35.59350643755702	0.0026829861728091464
44.0	35.4401791665343	14.74440637887129	14.571323378989002	35.239916702847125	0.004174372758288931
45.0	34.83210628288443	14.677332155061732	14.906554325270255	35.58213290000305	0.0018743367805254567
46.0	35.255184212728054	14.787602306227207	14.722899615628798	35.228792528138825	0.00552133727711638
47.0	34.79139019876743	14.879204024956902	14.741002793432422	35.586786324052014	0.001616658791228841
48.0	35.682172346876335	14.368924107507555	14.673082881069341	35.271489411550725	0.004331252996040218
49.0	34.80871988744988	14.73698878433804	14.908369395120266	35.542419015871616	0.0035029172202021724
50.0	35.482833914254385	14.730218533631884	14.503231395875888	35.27934418591286	0.004371970324981068
51.0	34.85540614986685	14.764190352697575	14.862477237809102	35.512760591707156	0.0051656679193153605
52.0	35.59644985421399	14.3660720492986	14.900086537938966	35.134790310785625	0.002601247762810797
53.0	34.81093478396333	14.562676535117294	14.969945433965984	35.65245953274908	0.003983714204312766
54.0	35.631981278766986	14.420454933411131	14.608939761204962	35.32776124220595	0.010862784410973275
55.0	34.880572789485356	14.710217510294138	14.934161494157244	35.46864714311394	0.006401062949327042
56.0	35.71333463994948	14.428339881969007	14.772648790913417	35.08124352525036	0.00443316191773918
57.0	35.001238184681085	14.594786541633376	15.070420780321117	35.3257983176263	0.0077561757381216035
58.0	35.60599539545047	14.844448311717152	14.751087982325316	34.79692452019309	0.001543790313978881
59.0	34.89818749302266	14.739365759177101	14.959564629844028	35.40169548290192	0.0011866350542924572
60.0	35.791735278268014	14.433426462199014	14.832894109650056	34.941084306402566	8.598434803462449E-4
61.0	34.86682767021335	14.733859634484272	14.929747109004266	35.46882981459649	7.357717016254762E-4
62.0	35.59386382799557	14.515542721223584	14.658408440771312	35.23144826557035	7.36744439186214E-4
63.0	35.15505277098074	14.548164909726847	14.88903096001134	35.406370063811146	0.0013812954699316306
64.0	35.885688634218155	14.342534235788177	14.864256117614625	34.89677001767627	0.010750994702777435
65.0	35.04595557420582	14.660704108055137	14.810297989942391	35.48080723402266	0.0022350937739888917
66.0	35.84361157278144	14.41513133371633	14.481375443971872	35.257233776458044	0.0026478730723129406
67.0	35.07809179544134	14.543455640662687	14.733254032347794	35.64333621571426	0.0018623158339300372
68.0	35.721865488103454	14.225107701079548	14.551438692994598	35.498474935962484	0.003113181859915982
69.0	34.902760759836	14.419135250662613	14.925630341662247	35.74563745952683	0.006836188312301769
70.0	35.59509760051922	14.368394899598036	14.624612900077198	35.3950193882712	0.01687521153434177
71.0	34.998292669458905	14.589282280130417	14.697577177370064	35.708691327966775	0.006156545073843633
72.0	35.93324894143354	14.170260101724704	14.472993665205248	35.41809502366908	0.005402267967426866
73.0	35.14366656525397	14.710977011567412	14.470864430750193	35.667458873759024	0.007033118669397595
74.0	35.91451997554454	14.594211920873807	14.0467365711271	35.42531516201902	0.019216370435534414
75.0	35.403900757149856	14.538355934634925	14.134830983733096	35.88193268775511	0.040979636727010035
76.0	35.75685013982258	14.40966010304634	14.374278973653205	35.45697349435636	0.00223728912151724
77.0	35.1001464582034	14.714640170711593	14.342404907398116	35.83826315391043	0.004545309776465186
78.0	35.952729656070694	14.600626118713148	14.029678687391534	35.409736529078806	0.007229008745818275
79.0	35.1529841407396	14.983322306914182	14.17961113691345	35.68010102458204	0.003981390850731716
80.0	35.972537624823865	14.663551978884692	14.033234483960614	35.31726661225771	0.013409300073124098
81.0	35.30850125521706	14.803976306036878	14.219260467885398	35.66650664776286	0.0017553230978135275
82.0	35.96864503485901	14.71276900310082	13.924169049068746	35.39252980858794	0.0018871043834854172
83.0	35.156657801047494	14.885435445793412	13.994974659235334	35.96097727417026	0.001954819753502076
84.0	35.85426926303747	14.368030627014003	14.16894209135193	35.60694576924726	0.00181224934932967
85.0	35.07430634499396	14.843894600938281	14.170182875261872	35.90463076325146	0.0069854155544296775
86.0	35.56094771920893	14.874070774393633	13.850672600896626	35.71221473877787	0.0020941667229440156
87.0	35.24565210603553	14.823901838032494	14.05332805133169	35.87656508570893	5.529188913520883E-4
88.0	35.81074444019276	14.618520685084432	14.0552624175585	35.51491859820905	5.538589552558527E-4
89.0	35.14200130157253	14.729734404791667	14.252414991452312	35.875212876299045	6.364258844524746E-4
90.0	35.76152975213718	14.601399273586136	14.044230227879737	35.591549300379555	0.0012914460173929988
91.0	35.25283921452247	14.850702732413346	14.043052617062834	35.85148920572747	0.0019162302738833538
92.0	35.66569991999564	14.662619850662908	14.114419358035581	35.55274873052971	0.0045121407761669705
93.0	35.43004287894691	14.658632788709614	14.06832193483748	35.834849068901384	0.008153328604621918
94.0	35.884141797343666	14.691567144084106	13.829218342513593	35.58848499770665	0.006587718351983438
95.0	35.42204584574598	14.73502467072287	13.906875178732998	35.927572480407235	0.008481824390921676
96.0	36.20397601040852	14.303809628210274	13.912580812261922	35.56680312222486	0.012830426894426586
97.0	35.46741204355564	14.653435034072265	13.9722050893112	35.90502607543462	0.001921757626271487
98.0	35.97094785358518	14.695418448421748	13.70539373142054	35.624587780216075	0.0036521863564610247
99.0	35.54899316799999	14.525499173555096	14.033475385916914	35.88893778329758	0.0030944892304288116
100.0	36.10332041302955	14.335951574788117	13.983056711446714	35.5740198017953	0.0036514989403149995
101.0	35.53478727281812	14.48123125218406	14.023069684176855	35.95614884911452	0.0047629417064400156
102.0	36.2298555144901	14.378716997617369	13.775923503887523	35.61433142955159	0.0011725544534288174
103.0	35.63715816679733	14.499458419713893	13.936805950717284	35.919928391517466	0.006649071254033309
104.0	36.18288836420008	14.480193708121364	13.879155928339305	35.45676902137646	9.929779627895813E-4
105.0	35.79753105582203	14.195619201549459	13.967367556177168	36.03803125574678	0.0014509307045618273
106.0	35.99003175787508	14.435534591460872	13.972653288527203	35.59628416457543	0.0054961975614132436
107.0	35.68293529801109	14.396223049880103	13.88973847397489	36.02895001681839	0.00215316131552392
108.0	36.27048111163475	14.12152136150478	13.899496245678336	35.70593500802768	0.002566273154454464
109.0	35.79733510336616	14.330638474259874	13.938378119968222	35.931109786388134	0.0025385160176101458
110.0	36.15538428718293	14.439372208782988	13.76699496425893	35.63493499038131	0.0033135493938339627
111.0	35.882214316591075	14.336218135134226	13.848983948280457	35.927873789407414	0.004709810586832123
112.0	36.19181763291246	14.295306531372335	13.897103220315582	35.61041469608576	0.00535791931385661
113.0	35.87145075981126	14.324415410905647	13.891076469177104	35.91014696463835	0.002910395467635972
114.0	36.304957129165125	14.291141754379904	13.75241121463048	35.64867501921201	0.002814882612487372
115.0	35.88847971725594	14.345593242294955	13.756063972091354	36.00658992620363	0.0032731421541223925
116.0	36.16531287223847	14.30998864417572	13.839897814950433	35.68322009352141	0.0015805751139664132
117.0	35.93642723484882	14.258367971044564	13.870171255673434	35.92989428290051	0.005139255532669899
118.0	36.15083859689398	14.40326133729295	13.764977627574194	35.67318280711704	0.007739631121842934
119.0	35.92077858010948	14.302930891113922	13.708849102349427	36.06425196077658	0.003189465650594038
120.0	36.46535919033296	14.024913670242212	13.857607188570773	35.64823482608265	0.0038851247713973247
121.0	36.05633186833418	14.315890308820785	13.774460201130829	35.85093689522934	0.0023807264848591083
122.0	36.21326192805917	14.428838890022092	13.635772598780353	35.71973830882227	0.0023882743161264953
123.0	36.04036786154519	14.384067970789033	13.727557756800673	35.845290845082296	0.002715565782806209
124.0	36.25395590752418	14.208554946068597	13.880881507614786	35.65382968887673	0.0027779499156999044
125.0	36.00775600322833	14.119810309545075	13.747537163437649	36.12368152144024	0.0012150023487067462
126.0	36.37215048692537	14.183308438664977	13.695558229316655	35.748122141072976	8.607040200257135E-4
127.0	36.12894716860409	14.210166834661276	13.700641162433936	35.958175639714	0.0020691945866990733
128.0	36.34163805176055	14.288678429251583	13.767063979709675	35.60126516559927	0.0013543736789213407
129.0	36.12755606120391	14.21739065027027	13.6566562671225	35.988083873263186	0.01031314814012614
130.0	36.26410794349563	14.344985511117239	13.641382730838277	35.74346517455524	0.006058639993610227
131.0	36.14681647119203	14.181568125717448	13.652046935828979	36.013687333736975	0.005881133524561495
132.0	36.49224425250261	14.11540176737745	13.76228934644588	35.62505867787023	0.005005955803828144
133.0	36.247292440704314	14.104234635625017	13.696301224555018	35.94896846731249	0.003203231803158092
134.0	36.44384641260993	14.333960527434506	13.558574876994792	35.65921919879342	0.004398984167353623
135.0	36.293435791779196	14.150086774136666	13.703074681441471	35.848966598917876	0.004436153724791417
136.0	36.461275249952415	14.213781299165293	13.840677370155152	35.477051209367175	0.007214871359962236
137.0	36.197938176769284	14.1682404452768	13.728706227555746	35.90374786877318	0.0013672816249898623
138.0	36.43494547319721	14.216858583300374	13.710238560171783	35.63626394592742	0.0016934374032153484
139.0	36.32861054608338	14.141342521005607	13.685173231261533	35.83814252917377	0.006731172475706329
140.0	36.573760703802954	14.13964246609235	13.871474932834598	35.4102191745107	0.004902722759389189
141.0	36.51913857093501	14.065134109129552	13.748766471791333	35.66507009075826	0.0018907573858426582
142.0	36.7984848307369	14.32657212925025	13.713852611268562	35.15895892985698	0.0021314988872999725
143.0	36.75667581249758	14.348668701936083	13.65664489701279	35.22730610194381	0.010704486609730649
144.0	37.1780845811143	14.432178713354485	14.185010432187278	34.20077453977877	0.003951733565168369
145.0	36.81000781553451	14.994739846488434	14.481481743571841	33.71054688298557	0.003223711419643882
146.0	36.31586830233668	15.309943225502392	14.82401503335976	33.54813650642133	0.002036932379835967
147.0	35.41531944231905	15.089714857395789	14.692108844209034	34.79637783822119	0.00647901785493911
148.0	35.82455173540774	14.684307946920569	14.47443619511945	35.006447395812735	0.010256726739503914
149.0	36.82263587200096	14.85235889927993	12.10588903164122	36.186536795243356	0.03257940183453345
150.0	36.89661181880534	16.54302898118209	9.176302253377223	37.38405694663534	0.0
