********************************************************************************
STREME - Sensitive, Thorough, Rapid, Enriched Motif Elicitation
********************************************************************************
MEME version 5.5.7 (Release date: Wed Jun 19 13:59:04 2024 -0700)

For further information on how to interpret these results please access http://localhost:8080/meme_5.5.7.
To get a copy of the MEME Suite software please access https://meme-suite.org.

********************************************************************************


********************************************************************************
REFERENCE
********************************************************************************
If you use this program in your research, please cite:

Timothy L. Bailey,
"STREME: accurate and versatile sequence motif discovery",
Bioinformatics, Mar. 24, 2021.
********************************************************************************


ALPHABET= ACGT

strands: + -

Background letter frequencies
A 0.307 C 0.193 G 0.193 T 0.307 

MOTIF 1-AAGGTCACCG STREME-1
letter-probability matrix: alength= 4 w= 10 nsites= 91 E= 2.9e+000
 0.655323 0.016152 0.213160 0.115365
 0.951552 0.031970 0.016152 0.000326
 0.000326 0.268303 0.714814 0.016557
 0.058009 0.000205 0.893586 0.048199
 0.000326 0.041942 0.000205 0.957526
 0.021083 0.679063 0.299528 0.000326
 0.999263 0.000205 0.000205 0.000326
 0.000326 0.792941 0.151666 0.055066
 0.064407 0.624570 0.278510 0.032513
 0.261432 0.000205 0.694017 0.044345

MOTIF 2-ATTTTTTTTCTCGA STREME-2
letter-probability matrix: alength= 4 w= 14 nsites= 18 E= 1.1e+001
 0.996936 0.000854 0.000854 0.001356
 0.001356 0.000854 0.000854 0.996936
 0.067636 0.067134 0.000854 0.864375
 0.133917 0.000854 0.133462 0.731767
 0.001356 0.067134 0.000854 0.930656
 0.001356 0.000854 0.000854 0.996936
 0.001356 0.067134 0.000854 0.930656
 0.067636 0.000854 0.199695 0.731814
 0.001356 0.000854 0.067134 0.930656
 0.001356 0.996434 0.000854 0.001356
 0.001356 0.067134 0.000854 0.930656
 0.001356 0.996434 0.000854 0.001356
 0.001356 0.067134 0.862691 0.068819
 0.731672 0.199838 0.067134 0.001356

MOTIF 3-CTGTCATTAGTAAAH STREME-3
letter-probability matrix: alength= 4 w= 15 nsites= 20 E= 1.1e+001
 0.053520 0.944731 0.000676 0.001073
 0.053520 0.262913 0.053123 0.630443
 0.158415 0.053123 0.787388 0.001073
 0.001073 0.000676 0.000676 0.997576
 0.105968 0.787388 0.053123 0.053520
 0.945128 0.053123 0.000676 0.001073
 0.158415 0.000676 0.105571 0.735338
 0.001073 0.158018 0.000676 0.840233
 0.997576 0.000676 0.000676 0.001073
 0.053520 0.000676 0.839836 0.105968
 0.053520 0.000676 0.000676 0.945128
 0.892681 0.000676 0.053123 0.053520
 0.892681 0.000676 0.000676 0.105968
 0.735338 0.105571 0.105571 0.053520
 0.473101 0.262913 0.000676 0.263311

MOTIF 4-CCGACAAAAGB STREME-4
letter-probability matrix: alength= 4 w= 11 nsites= 16 E= 1.1e+001
 0.001593 0.995812 0.001003 0.001593
 0.328614 0.668791 0.001003 0.001593
 0.001593 0.156718 0.840096 0.001593
 0.996401 0.001003 0.001003 0.001593
 0.001593 0.995812 0.001003 0.001593
 0.996401 0.001003 0.001003 0.001593
 0.996401 0.001003 0.001003 0.001593
 0.996401 0.001003 0.001003 0.001593
 0.996401 0.001003 0.001003 0.001593
 0.001593 0.001003 0.995812 0.001593
 0.001593 0.341714 0.421360 0.235334

MOTIF 5-AATCTGACAC STREME-5
letter-probability matrix: alength= 4 w= 10 nsites= 18 E= 1.1e+001
 0.913125 0.000875 0.042743 0.043257
 0.954993 0.042743 0.000875 0.001389
 0.001389 0.000875 0.000875 0.996862
 0.001389 0.996347 0.000875 0.001389
 0.001389 0.000875 0.042743 0.954993
 0.205230 0.000875 0.792506 0.001389
 0.996862 0.000875 0.000875 0.001389
 0.001389 0.996347 0.000875 0.001389
 0.780827 0.021360 0.029501 0.168312
 0.001389 0.996347 0.000875 0.001389

MOTIF 6-TATGATGAAA STREME-6
letter-probability matrix: alength= 4 w= 10 nsites= 10 E= 1.1e+001
 0.027891 0.017564 0.017564 0.936982
 0.936982 0.017564 0.017564 0.027891
 0.027891 0.017564 0.017564 0.936982
 0.027891 0.017564 0.926655 0.027891
 0.936982 0.017564 0.017564 0.027891
 0.027891 0.017564 0.017564 0.936982
 0.027891 0.017564 0.926655 0.027891
 0.936982 0.017564 0.017564 0.027891
 0.936982 0.017564 0.017564 0.027891
 0.936982 0.017564 0.017564 0.027891

MOTIF 7-AAACCAAATATMT STREME-7
letter-probability matrix: alength= 4 w= 13 nsites= 9 E= 1.1e+001
 0.870338 0.001597 0.001597 0.126469
 0.870338 0.001597 0.125530 0.002535
 0.994272 0.001597 0.001597 0.002535
 0.002535 0.993333 0.001597 0.002535
 0.002535 0.993333 0.001597 0.002535
 0.994272 0.001597 0.001597 0.002535
 0.994272 0.001597 0.001597 0.002535
 0.994272 0.001597 0.001597 0.002535
 0.002535 0.001597 0.125530 0.870338
 0.994272 0.001597 0.001597 0.002535
 0.002535 0.001597 0.001597 0.994272
 0.374603 0.621265 0.001597 0.002535
 0.126469 0.001597 0.001597 0.870338

MOTIF 8-CGACCCCC STREME-8
letter-probability matrix: alength= 4 w= 8 nsites= 251 E= 1.2e+001
 0.033058 0.925242 0.002328 0.039372
 0.050310 0.012152 0.890155 0.047383
 0.715954 0.103817 0.080156 0.100073
 0.110469 0.805756 0.010909 0.072867
 0.041028 0.706414 0.191690 0.060868
 0.016794 0.849103 0.049301 0.084801
 0.085362 0.760175 0.042723 0.111741
 0.103043 0.600662 0.168972 0.127324

MOTIF 9-AATKYGAG STREME-9
letter-probability matrix: alength= 4 w= 8 nsites= 142 E= 1.7e+001
 0.997625 0.000662 0.000662 0.001051
 0.997625 0.000662 0.000662 0.001051
 0.001051 0.000662 0.000662 0.997625
 0.001051 0.186417 0.305044 0.507487
 0.001051 0.330815 0.053455 0.614679
 0.001051 0.000662 0.997236 0.001051
 0.997625 0.000662 0.000662 0.001051
 0.001051 0.000662 0.997236 0.001051

MOTIF 10-CAGTTTAGAAT STREME-10
letter-probability matrix: alength= 4 w= 11 nsites= 70 E= 1.9e+001
 0.000374 0.895618 0.066370 0.037638
 0.887067 0.000236 0.000236 0.112462
 0.000374 0.000236 0.999016 0.000374
 0.017163 0.087289 0.091661 0.803887
 0.139678 0.000236 0.048074 0.812012
 0.000374 0.074104 0.036814 0.888708
 0.882354 0.066210 0.036814 0.014622
 0.000374 0.000236 0.994620 0.004770
 0.789234 0.109784 0.011509 0.089473
 0.590684 0.084639 0.121217 0.203459
 0.148933 0.036801 0.071873 0.742394

MOTIF 11-CACGTAATGACAAA STREME-11
letter-probability matrix: alength= 4 w= 14 nsites= 82 E= 1.9e+001
 0.040845 0.918179 0.010290 0.030686
 0.908089 0.000131 0.061094 0.030686
 0.051004 0.901755 0.016555 0.030686
 0.000208 0.040768 0.877541 0.081482
 0.092907 0.138474 0.010290 0.758329
 0.826822 0.010290 0.101724 0.061164
 0.776011 0.020450 0.101731 0.101808
 0.077595 0.050971 0.020450 0.850984
 0.230029 0.111891 0.504217 0.153863
 0.654062 0.081406 0.061087 0.203446
 0.193286 0.617235 0.036881 0.152598
 0.642667 0.081406 0.081420 0.194508
 0.674425 0.162687 0.081406 0.081482
 0.595772 0.132209 0.101724 0.170294

MOTIF 12-ACGTGATATG STREME-12
letter-probability matrix: alength= 4 w= 10 nsites= 40 E= 2.0e+001
 0.943868 0.023462 0.016194 0.016476
 0.000762 0.935895 0.051336 0.012007
 0.006919 0.023462 0.930920 0.038698
 0.012007 0.000480 0.000480 0.987033
 0.000762 0.000480 0.956713 0.042044
 0.685881 0.051740 0.112372 0.150006
 0.000762 0.038416 0.000480 0.960342
 0.830985 0.075048 0.064158 0.029809
 0.029809 0.082458 0.000480 0.887254
 0.006919 0.000480 0.916499 0.076102

MOTIF 13-TGACAACAACAAG STREME-13
letter-probability matrix: alength= 4 w= 13 nsites= 20 E= 2.0e+001
 0.082170 0.021808 0.000647 0.895375
 0.101412 0.050839 0.846722 0.001027
 0.897295 0.000647 0.050839 0.051219
 0.001027 0.896915 0.000647 0.101412
 0.897295 0.050839 0.000647 0.051219
 0.947487 0.000647 0.050839 0.001027
 0.001027 0.966349 0.000647 0.031977
 0.997680 0.000647 0.000647 0.001027
 0.847102 0.000647 0.050839 0.101412
 0.051219 0.896915 0.050839 0.001027
 0.847102 0.101032 0.000647 0.051219
 0.916537 0.000647 0.050839 0.031977
 0.101412 0.182283 0.593731 0.122574

MOTIF 14-AACAAAACATGC STREME-14
letter-probability matrix: alength= 4 w= 12 nsites= 14 E= 2.0e+001
 0.996622 0.000942 0.000942 0.001495
 0.923528 0.000942 0.074035 0.001495
 0.001495 0.996068 0.000942 0.001495
 0.923528 0.000942 0.074035 0.001495
 0.996622 0.000942 0.000942 0.001495
 0.996622 0.000942 0.000942 0.001495
 0.923528 0.000942 0.000942 0.074589
 0.001495 0.950996 0.046014 0.001495
 0.996622 0.000942 0.000942 0.001495
 0.147735 0.147182 0.000942 0.704141
 0.046567 0.101472 0.850466 0.001495
 0.001495 0.996068 0.000942 0.001495

MOTIF 15-CATGCACACGWGWC STREME-15
letter-probability matrix: alength= 4 w= 14 nsites= 18 E= 2.0e+001
 0.001199 0.996848 0.000755 0.001199
 0.880104 0.000755 0.117942 0.001199
 0.176980 0.000755 0.000755 0.821511
 0.001199 0.000755 0.996848 0.001199
 0.001199 0.879661 0.000755 0.118386
 0.997292 0.000755 0.000755 0.001199
 0.001199 0.762473 0.000755 0.235573
 0.821511 0.000755 0.000755 0.176980
 0.001199 0.703879 0.000755 0.294167
 0.118386 0.059349 0.821067 0.001199
 0.352761 0.059349 0.059349 0.528542
 0.059792 0.000755 0.645286 0.294167
 0.469948 0.176536 0.059349 0.294167
 0.235573 0.645286 0.000755 0.118386

MOTIF 16-ACTGACAGTTGG STREME-16
letter-probability matrix: alength= 4 w= 12 nsites= 33 E= 2.0e+001
 0.753989 0.052310 0.096741 0.096961
 0.000657 0.869867 0.032515 0.096961
 0.096961 0.000414 0.032515 0.870111
 0.096984 0.000414 0.882151 0.020451
 0.934313 0.032515 0.000414 0.032758
 0.064860 0.914275 0.000414 0.020451
 0.934313 0.000414 0.000414 0.064860
 0.064860 0.032515 0.785870 0.116756
 0.084654 0.084411 0.064616 0.766318
 0.052553 0.064616 0.000414 0.882417
 0.032758 0.000414 0.906787 0.060041
 0.161187 0.193022 0.548807 0.096984

MOTIF 17-ATGGTCCAAGAA STREME-17
letter-probability matrix: alength= 4 w= 12 nsites= 25 E= 2.0e+001
 0.940823 0.057291 0.000729 0.001157
 0.001157 0.000729 0.000729 0.997386
 0.001157 0.057291 0.940395 0.001157
 0.078950 0.000729 0.919164 0.001157
 0.057719 0.000729 0.000729 0.940823
 0.001157 0.996957 0.000729 0.001157
 0.262366 0.735748 0.000729 0.001157
 0.827658 0.000729 0.000729 0.170885
 0.827658 0.000729 0.113894 0.057719
 0.170966 0.000729 0.679105 0.149201
 0.771096 0.000729 0.113853 0.114322
 0.715027 0.113853 0.000729 0.170391

MOTIF 18-TATCAAAAACAAC STREME-18
letter-probability matrix: alength= 4 w= 13 nsites= 30 E= 2.7e+001
 0.000789 0.140015 0.000497 0.858699
 0.998217 0.000497 0.000497 0.000789
 0.164095 0.000497 0.000497 0.834911
 0.000789 0.959348 0.000497 0.039366
 0.959640 0.039074 0.000497 0.000789
 0.742941 0.101438 0.116255 0.039366
 0.921063 0.000497 0.000497 0.077943
 0.998217 0.000497 0.000497 0.000789
 0.805333 0.039074 0.154804 0.000789
 0.000789 0.766436 0.000497 0.232278
 0.805305 0.000497 0.116255 0.077943
 0.959640 0.000497 0.000497 0.039366
 0.077943 0.843618 0.000497 0.077943

MOTIF 19-ACTTCCTGTGT STREME-19
letter-probability matrix: alength= 4 w= 11 nsites= 28 E= 2.7e+001
 0.879717 0.000582 0.045752 0.073948
 0.000924 0.907196 0.000582 0.091298
 0.091265 0.000582 0.000582 0.907571
 0.028778 0.000582 0.046558 0.924082
 0.073948 0.834172 0.000582 0.091298
 0.000924 0.997570 0.000582 0.000924
 0.000924 0.219293 0.104551 0.675232
 0.000924 0.000582 0.997570 0.000924
 0.000924 0.090923 0.000582 0.907571
 0.063050 0.000582 0.858269 0.078099
 0.113906 0.000582 0.045752 0.839760

MOTIF 20-GTAAACAAAAC STREME-20
letter-probability matrix: alength= 4 w= 11 nsites= 14 E= 2.7e+001
 0.027891 0.017564 0.926655 0.027891
 0.027891 0.017564 0.017564 0.936982
 0.936982 0.017564 0.017564 0.027891
 0.936982 0.017564 0.017564 0.027891
 0.936982 0.017564 0.017564 0.027891
 0.027891 0.926655 0.017564 0.027891
 0.936982 0.017564 0.017564 0.027891
 0.936982 0.017564 0.017564 0.027891
 0.936982 0.017564 0.017564 0.027891
 0.936982 0.017564 0.017564 0.027891
 0.027891 0.926655 0.017564 0.027891

MOTIF 21-GCCCATKTCGA STREME-21
letter-probability matrix: alength= 4 w= 11 nsites= 26 E= 3.2e+001
 0.001039 0.051431 0.895714 0.051816
 0.052722 0.894808 0.000654 0.051816
 0.001039 0.946491 0.000654 0.051816
 0.001039 0.997268 0.000654 0.001039
 0.743730 0.203800 0.051431 0.001039
 0.001039 0.082742 0.051431 0.864788
 0.051816 0.000654 0.356131 0.591399
 0.001039 0.153022 0.051431 0.794508
 0.121653 0.876654 0.000654 0.001039
 0.001039 0.051431 0.775100 0.172430
 0.692990 0.000654 0.203763 0.102593

MOTIF 22-AAAATATCGAAATAT STREME-22
letter-probability matrix: alength= 4 w= 15 nsites= 28 E= 5.0e+001
 0.825257 0.061067 0.112910 0.000767
 0.862732 0.000483 0.136018 0.000767
 0.960792 0.037958 0.000483 0.000767
 0.885841 0.000483 0.000483 0.113193
 0.038242 0.000483 0.075434 0.885841
 0.998268 0.000483 0.000483 0.000767
 0.000767 0.000483 0.000483 0.998268
 0.188172 0.735628 0.075434 0.000767
 0.113193 0.000483 0.660704 0.225620
 0.810890 0.037958 0.000483 0.150669
 0.600403 0.285921 0.112910 0.000767
 0.698436 0.075434 0.000483 0.225647
 0.000767 0.075434 0.075434 0.848365
 0.848365 0.000483 0.000483 0.150669
 0.000767 0.187888 0.098543 0.712803

MOTIF 23-ATCAGACCTACCWA STREME-23
letter-probability matrix: alength= 4 w= 14 nsites= 21 E= 5.0e+001
 0.883147 0.000494 0.000494 0.115865
 0.000785 0.115574 0.000494 0.883147
 0.000785 0.882856 0.038854 0.077505
 0.921507 0.000494 0.000494 0.077505
 0.039145 0.000494 0.882856 0.077505
 0.959867 0.038854 0.000494 0.000785
 0.000785 0.844469 0.000494 0.154252
 0.039145 0.844496 0.000494 0.115865
 0.077505 0.077214 0.115574 0.729707
 0.768067 0.153934 0.000494 0.077505
 0.154225 0.614281 0.038854 0.192640
 0.000785 0.844469 0.038854 0.115892
 0.499492 0.077214 0.153962 0.269332
 0.614600 0.077214 0.115574 0.192612

MOTIF 24-AAACGCGTGATTG STREME-24
letter-probability matrix: alength= 4 w= 13 nsites= 17 E= 5.0e+001
 0.945137 0.000676 0.053115 0.001073
 0.630499 0.262874 0.000676 0.105952
 0.787818 0.157994 0.000676 0.053512
 0.001073 0.997179 0.000676 0.001073
 0.105952 0.000676 0.734981 0.158392
 0.001073 0.997179 0.000676 0.001073
 0.001073 0.000676 0.997179 0.001073
 0.001073 0.000676 0.000676 0.997576
 0.210831 0.000676 0.787421 0.001073
 0.787818 0.157994 0.053115 0.001073
 0.105952 0.157994 0.000676 0.735378
 0.105952 0.210434 0.000676 0.682938
 0.001073 0.105592 0.892262 0.001073

MOTIF 25-AATTCCTACAGGGGA STREME-25
letter-probability matrix: alength= 4 w= 15 nsites= 19 E= 5.0e+001
 0.997292 0.000755 0.000755 0.001198
 0.880119 0.000755 0.059341 0.059785
 0.176957 0.059341 0.059341 0.704361
 0.001198 0.000755 0.059341 0.938706
 0.059785 0.879676 0.059341 0.001198
 0.001198 0.879676 0.000755 0.118371
 0.001198 0.000755 0.059341 0.938706
 0.821533 0.059341 0.000755 0.118371
 0.235544 0.645330 0.000755 0.118371
 0.938706 0.059341 0.000755 0.001198
 0.001198 0.117927 0.821089 0.059785
 0.059785 0.059341 0.703917 0.176957
 0.118371 0.059341 0.703917 0.118371
 0.118371 0.059341 0.703917 0.118371
 0.997292 0.000755 0.000755 0.001198

MOTIF 26-CTTCATTTGTCAACC STREME-26
letter-probability matrix: alength= 4 w= 15 nsites= 19 E= 5.0e+001
 0.001073 0.997179 0.000675 0.001073
 0.158380 0.000675 0.000675 0.840269
 0.053508 0.000675 0.000675 0.945141
 0.105944 0.682452 0.000675 0.210928
 0.997576 0.000675 0.000675 0.001073
 0.001073 0.053111 0.000675 0.945141
 0.001073 0.053111 0.000675 0.945141
 0.053508 0.000675 0.000675 0.945141
 0.105944 0.262967 0.630017 0.001073
 0.001073 0.000675 0.000675 0.997576
 0.001073 0.997179 0.000675 0.001073
 0.682849 0.315403 0.000675 0.001073
 0.682962 0.105547 0.000675 0.210815
 0.053508 0.735001 0.105547 0.105944
 0.105944 0.682565 0.105547 0.105944

MOTIF 27-AACGGGATTTCATT STREME-27
letter-probability matrix: alength= 4 w= 14 nsites= 20 E= 5.0e+001
 0.760464 0.048080 0.190485 0.000971
 0.855401 0.048080 0.095548 0.000971
 0.048439 0.949978 0.000611 0.000971
 0.000971 0.000611 0.949978 0.048439
 0.095908 0.000611 0.902510 0.000971
 0.095908 0.000611 0.855041 0.048439
 0.807933 0.048080 0.095548 0.048439
 0.000971 0.000611 0.095548 0.902869
 0.095908 0.095548 0.000611 0.807933
 0.048439 0.000611 0.048080 0.902869
 0.143376 0.760105 0.048080 0.048439
 0.665528 0.237953 0.048080 0.048439
 0.095908 0.095548 0.143016 0.665528
 0.048439 0.095548 0.000611 0.855401

MOTIF 28-AATACTAAGAAT STREME-28
letter-probability matrix: alength= 4 w= 12 nsites= 13 E= 5.0e+001
 0.966370 0.000926 0.000926 0.031777
 0.924794 0.000926 0.000926 0.073354
 0.073354 0.000926 0.000926 0.924794
 0.924794 0.000926 0.072810 0.001471
 0.001471 0.996133 0.000926 0.001471
 0.031777 0.000926 0.000926 0.966370
 0.852858 0.000926 0.144745 0.001471
 0.924794 0.072810 0.000926 0.001471
 0.001471 0.000926 0.996133 0.001471
 0.852910 0.000926 0.000926 0.145238
 0.678784 0.000926 0.072810 0.247481
 0.073354 0.144694 0.000926 0.781026

MOTIF 29-AGGTTGATTCTCARA STREME-29
letter-probability matrix: alength= 4 w= 15 nsites= 13 E= 5.0e+001
 0.830474 0.083915 0.083915 0.001695
 0.001695 0.001067 0.995543 0.001695
 0.001695 0.001067 0.912695 0.084543
 0.084543 0.001067 0.001067 0.913322
 0.001695 0.001067 0.001067 0.996171
 0.001695 0.001067 0.829787 0.167451
 0.996171 0.001067 0.001067 0.001695
 0.001695 0.083915 0.001067 0.913322
 0.001695 0.083915 0.001067 0.913322
 0.084543 0.664091 0.083915 0.167451
 0.001695 0.001067 0.166764 0.830474
 0.084543 0.912695 0.001067 0.001695
 0.747448 0.001067 0.001067 0.250418
 0.664599 0.001067 0.332639 0.001695
 0.664599 0.083915 0.001067 0.250418

MOTIF 30-ATTAAGATCYAAAC STREME-30
letter-probability matrix: alength= 4 w= 14 nsites= 14 E= 5.0e+001
 0.996715 0.000916 0.000916 0.001454
 0.001454 0.000916 0.071995 0.925636
 0.001454 0.000916 0.143074 0.854556
 0.925636 0.000916 0.000916 0.072533
 0.996715 0.000916 0.000916 0.001454
 0.001454 0.000916 0.996176 0.001454
 0.854556 0.071995 0.000916 0.072533
 0.001454 0.071995 0.000916 0.925636
 0.001454 0.996176 0.000916 0.001454
 0.001454 0.356464 0.071995 0.570087
 0.570087 0.214306 0.000916 0.214691
 0.996715 0.000916 0.000916 0.001454
 0.499161 0.143074 0.214153 0.143612
 0.001454 0.711860 0.000916 0.285770

MOTIF 31-AAGGTGTCGTGAC STREME-31
letter-probability matrix: alength= 4 w= 13 nsites= 15 E= 5.0e+001
 0.872648 0.063040 0.000802 0.063511
 0.997123 0.000802 0.000802 0.001273
 0.063511 0.000802 0.872176 0.063511
 0.063511 0.000802 0.934414 0.001273
 0.063511 0.000802 0.063040 0.872648
 0.001273 0.063040 0.872176 0.063511
 0.063511 0.000802 0.063040 0.872648
 0.001273 0.996652 0.000802 0.001273
 0.001273 0.000802 0.747656 0.250269
 0.063511 0.000802 0.063040 0.872648
 0.125749 0.125277 0.747701 0.001273
 0.810410 0.000802 0.187515 0.001273
 0.125749 0.685418 0.000802 0.188031

MOTIF 32-CTTGGTGTAT STREME-32
letter-probability matrix: alength= 4 w= 10 nsites= 15 E= 5.0e+001
 0.001546 0.995934 0.000974 0.001546
 0.001546 0.000974 0.076560 0.920920
 0.001546 0.000974 0.032842 0.964638
 0.024351 0.000974 0.973129 0.001546
 0.001546 0.000974 0.995934 0.001546
 0.077133 0.104932 0.152201 0.665735
 0.001546 0.000974 0.995934 0.001546
 0.001546 0.000974 0.000974 0.996506
 0.996506 0.000974 0.000974 0.001546
 0.001546 0.152201 0.152255 0.693998

MOTIF 33-ATTGGAAATCAATC STREME-33
letter-probability matrix: alength= 4 w= 14 nsites= 12 E= 5.0e+001
 0.913302 0.083935 0.001068 0.001695
 0.001695 0.001068 0.001068 0.996170
 0.084563 0.001068 0.001068 0.913302
 0.084563 0.001068 0.829806 0.084563
 0.250358 0.083935 0.581143 0.084563
 0.996170 0.001068 0.001068 0.001695
 0.996170 0.001068 0.001068 0.001695
 0.913302 0.001068 0.001068 0.084563
 0.001695 0.001068 0.001068 0.996170
 0.167431 0.746938 0.083935 0.001695
 0.996170 0.001068 0.001068 0.001695
 0.913302 0.001068 0.083935 0.001695
 0.084563 0.083935 0.083935 0.747566
 0.250358 0.664011 0.001068 0.084563

MOTIF 34-TCTACAAAGAARGTC STREME-34
letter-probability matrix: alength= 4 w= 15 nsites= 20 E= 5.0e+001
 0.054617 0.000689 0.000689 0.944005
 0.054617 0.890077 0.054211 0.001095
 0.001095 0.054211 0.054211 0.890483
 0.783440 0.054211 0.000689 0.161660
 0.001095 0.964118 0.000689 0.034098
 0.890483 0.000689 0.107733 0.001095
 0.890483 0.000689 0.107733 0.001095
 0.643393 0.107733 0.140736 0.108138
 0.001095 0.140736 0.857074 0.001095
 0.729918 0.000689 0.107733 0.161660
 0.944005 0.000689 0.000689 0.054617
 0.322225 0.107733 0.515426 0.054617
 0.054617 0.054211 0.836556 0.054617
 0.215181 0.000689 0.054211 0.729918
 0.108138 0.622469 0.054211 0.215181

MOTIF 35-AATATCGCTTA STREME-35
letter-probability matrix: alength= 4 w= 11 nsites= 14 E= 5.0e+001
 0.830038 0.000822 0.064649 0.104491
 0.829992 0.000822 0.167880 0.001306
 0.001306 0.000822 0.000822 0.997050
 0.997050 0.000822 0.000822 0.001306
 0.001306 0.231707 0.000822 0.766165
 0.001306 0.996566 0.000822 0.001306
 0.001306 0.000822 0.996566 0.001306
 0.001306 0.932739 0.064649 0.001306
 0.192833 0.000822 0.000822 0.805523
 0.001306 0.000822 0.128522 0.869350
 0.846131 0.000822 0.064649 0.088398

MOTIF 36-ACGTCGTATKA STREME-36
letter-probability matrix: alength= 4 w= 11 nsites= 11 E= 5.0e+001
 0.896071 0.100617 0.001280 0.002032
 0.002032 0.994656 0.001280 0.002032
 0.101370 0.001280 0.795981 0.101370
 0.101370 0.100617 0.199955 0.598058
 0.002032 0.994656 0.001280 0.002032
 0.002032 0.001280 0.994656 0.002032
 0.002032 0.001280 0.001280 0.995409
 0.995409 0.001280 0.001280 0.002032
 0.002032 0.001280 0.100617 0.896071
 0.101370 0.001280 0.597306 0.300045
 0.896071 0.001280 0.001280 0.101370

MOTIF 37-AAGWGAAGCRAYC STREME-37
letter-probability matrix: alength= 4 w= 13 nsites= 14 E= 5.0e+001
 0.996715 0.000916 0.000916 0.001454
 0.925639 0.000916 0.071991 0.001454
 0.001454 0.000916 0.996176 0.001454
 0.570211 0.000916 0.000916 0.427958
 0.001454 0.000916 0.996176 0.001454
 0.925639 0.000916 0.000916 0.072529
 0.996715 0.000916 0.000916 0.001454
 0.001454 0.000916 0.996176 0.001454
 0.001454 0.782950 0.000916 0.214680
 0.499135 0.000916 0.285269 0.214680
 0.996715 0.000916 0.000916 0.001454
 0.001454 0.640748 0.000916 0.356882
 0.001454 0.711721 0.000916 0.285909

MOTIF 38-ATTGTCAGTATT STREME-38
letter-probability matrix: alength= 4 w= 12 nsites= 10 E= 5.0e+001
 0.909210 0.001118 0.087897 0.001775
 0.088554 0.001118 0.087897 0.822432
 0.001775 0.001118 0.001118 0.995989
 0.020994 0.001118 0.976113 0.001775
 0.001775 0.001118 0.001118 0.995989
 0.001775 0.941821 0.054628 0.001775
 0.995989 0.001118 0.001118 0.001775
 0.055286 0.087897 0.594519 0.262298
 0.001775 0.001118 0.001118 0.995989
 0.995989 0.001118 0.001118 0.001775
 0.001775 0.001118 0.001118 0.995989
 0.088554 0.087897 0.001118 0.822432

MOTIF 39-ATTTCTGTGATGA STREME-39
letter-probability matrix: alength= 4 w= 13 nsites= 10 E= 5.0e+001
 0.884672 0.001420 0.001420 0.112488
 0.112488 0.001420 0.001420 0.884672
 0.002255 0.001420 0.001420 0.994905
 0.002255 0.001420 0.001420 0.994905
 0.002255 0.994070 0.001420 0.002255
 0.002255 0.001420 0.001420 0.994905
 0.002255 0.001420 0.994070 0.002255
 0.002255 0.001420 0.001420 0.994905
 0.002255 0.221965 0.773525 0.002255
 0.994905 0.001420 0.001420 0.002255
 0.002255 0.001420 0.001420 0.994905
 0.002255 0.111653 0.883837 0.002255
 0.994905 0.001420 0.001420 0.002255

MOTIF 40-GACATTCTAAGCCAA STREME-40
letter-probability matrix: alength= 4 w= 15 nsites= 10 E= 5.0e+001
 0.002032 0.001280 0.994656 0.002032
 0.896078 0.001280 0.100610 0.002032
 0.101363 0.895326 0.001280 0.002032
 0.796748 0.100610 0.100610 0.002032
 0.002032 0.100610 0.001280 0.896078
 0.200693 0.001280 0.001280 0.796748
 0.101363 0.895326 0.001280 0.002032
 0.200693 0.001280 0.001280 0.796748
 0.796748 0.199941 0.001280 0.002032
 0.697417 0.100610 0.199941 0.002032
 0.002032 0.001280 0.994656 0.002032
 0.002032 0.895326 0.001280 0.101363
 0.002032 0.895326 0.001280 0.101363
 0.896078 0.001280 0.100610 0.002032
 0.995409 0.001280 0.001280 0.002032

MOTIF 41-ACTATAAAAA STREME-41
letter-probability matrix: alength= 4 w= 10 nsites= 11 E= 5.0e+001
 0.936982 0.017564 0.017564 0.027891
 0.027891 0.926655 0.017564 0.027891
 0.027891 0.017564 0.017564 0.936982
 0.936982 0.017564 0.017564 0.027891
 0.027891 0.017564 0.017564 0.936982
 0.936982 0.017564 0.017564 0.027891
 0.936982 0.017564 0.017564 0.027891
 0.936982 0.017564 0.017564 0.027891
 0.936982 0.017564 0.017564 0.027891
 0.936982 0.017564 0.017564 0.027891

MOTIF 42-CGCGTTTACAYAC STREME-42
letter-probability matrix: alength= 4 w= 13 nsites= 11 E= 5.0e+001
 0.001453 0.925128 0.071965 0.001453
 0.072503 0.071965 0.711927 0.143605
 0.072503 0.925128 0.000915 0.001453
 0.214655 0.000915 0.711927 0.072503
 0.072503 0.000915 0.000915 0.925666
 0.001453 0.000915 0.000915 0.996716
 0.001453 0.000915 0.000915 0.996716
 0.996716 0.000915 0.000915 0.001453
 0.001453 0.854078 0.143015 0.001453
 0.996716 0.000915 0.000915 0.001453
 0.072503 0.569367 0.000915 0.357215
 0.925666 0.000915 0.071965 0.001453
 0.001453 0.925128 0.000915 0.072503

MOTIF 43-AAAATCATCAA STREME-43
letter-probability matrix: alength= 4 w= 11 nsites= 12 E= 5.0e+001
 0.820368 0.001130 0.001130 0.177371
 0.908187 0.001130 0.001130 0.089552
 0.792614 0.001130 0.151065 0.055191
 0.995944 0.001130 0.001130 0.001795
 0.001795 0.001130 0.001130 0.995944
 0.001795 0.995279 0.001130 0.001795
 0.995944 0.001130 0.001130 0.001795
 0.001795 0.001130 0.001130 0.995944
 0.001795 0.995279 0.001130 0.001795
 0.995944 0.001130 0.001130 0.001795
 0.995944 0.001130 0.001130 0.001795

MOTIF 44-AGAAACAGAAAAA STREME-44
letter-probability matrix: alength= 4 w= 13 nsites= 12 E= 5.0e+001
 0.996062 0.001098 0.001098 0.001743
 0.001743 0.001098 0.995417 0.001743
 0.910861 0.001098 0.086298 0.001743
 0.910861 0.086298 0.001098 0.001743
 0.890987 0.053635 0.053635 0.001743
 0.001743 0.995417 0.001098 0.001743
 0.996062 0.001098 0.001098 0.001743
 0.001743 0.001098 0.995417 0.001743
 0.996062 0.001098 0.001098 0.001743
 0.910861 0.001098 0.086298 0.001743
 0.996062 0.001098 0.001098 0.001743
 0.825661 0.001098 0.086298 0.086944
 0.650002 0.086298 0.001098 0.262602

MOTIF 45-TAAGAAAATAAWA STREME-45
letter-probability matrix: alength= 4 w= 13 nsites= 12 E= 5.0e+001
 0.002464 0.001552 0.001552 0.994433
 0.994433 0.001552 0.001552 0.002464
 0.994433 0.001552 0.001552 0.002464
 0.002464 0.001552 0.993520 0.002464
 0.994433 0.001552 0.001552 0.002464
 0.994433 0.001552 0.001552 0.002464
 0.994433 0.001552 0.001552 0.002464
 0.873981 0.122003 0.001552 0.002464
 0.002464 0.001552 0.001552 0.994433
 0.994433 0.001552 0.001552 0.002464
 0.873981 0.001552 0.001552 0.122916
 0.512367 0.122003 0.001552 0.364078
 0.845884 0.001552 0.075826 0.076738

MOTIF 46-AATCTTTTCATTAA STREME-46
letter-probability matrix: alength= 4 w= 14 nsites= 14 E= 5.0e+001
 0.996622 0.000941 0.000941 0.001495
 0.850466 0.000941 0.074019 0.074573
 0.001495 0.000941 0.000941 0.996622
 0.074573 0.877929 0.046004 0.001495
 0.147651 0.074019 0.074019 0.704311
 0.001495 0.000941 0.147097 0.850466
 0.001495 0.000941 0.147150 0.850414
 0.001495 0.000941 0.000941 0.996622
 0.001495 0.849860 0.147150 0.001495
 0.923544 0.074019 0.000941 0.001495
 0.001495 0.000941 0.220175 0.777389
 0.001495 0.074019 0.074019 0.850466
 0.850466 0.000941 0.000941 0.147651
 0.850466 0.074019 0.000941 0.074573

MOTIF 47-AAAAGTTTAATCATG STREME-47
letter-probability matrix: alength= 4 w= 15 nsites= 17 E= 5.0e+001
 0.831410 0.000713 0.111401 0.056476
 0.720722 0.000713 0.111401 0.167164
 0.886754 0.056057 0.000713 0.056476
 0.997442 0.000713 0.000713 0.001132
 0.001132 0.000713 0.997023 0.001132
 0.001132 0.056057 0.000713 0.942098
 0.056476 0.000713 0.056057 0.886754
 0.111820 0.000713 0.000713 0.886754
 0.886754 0.056057 0.000713 0.056476
 0.665378 0.000713 0.222089 0.111820
 0.167164 0.111401 0.000713 0.720722
 0.056476 0.830991 0.000713 0.111820
 0.665259 0.056057 0.056057 0.222627
 0.056476 0.056057 0.000713 0.886754
 0.001132 0.056057 0.720184 0.222627

MOTIF 48-TTCAAATTTGAAAAA STREME-48
letter-probability matrix: alength= 4 w= 15 nsites= 9 E= 5.0e+001
 0.002894 0.001822 0.001822 0.993461
 0.002894 0.001822 0.001822 0.993461
 0.002894 0.992390 0.001822 0.002894
 0.993461 0.001822 0.001822 0.002894
 0.993461 0.001822 0.001822 0.002894
 0.993461 0.001822 0.001822 0.002894
 0.002894 0.001822 0.001822 0.993461
 0.002894 0.001822 0.143288 0.851995
 0.144360 0.001822 0.001822 0.851995
 0.002894 0.001822 0.992390 0.002894
 0.851995 0.001822 0.001822 0.144360
 0.851995 0.001822 0.001822 0.144360
 0.851995 0.001822 0.001822 0.144360
 0.993461 0.001822 0.001822 0.002894
 0.993461 0.001822 0.001822 0.002894

MOTIF 49-AAAGATCACATT STREME-49
letter-probability matrix: alength= 4 w= 12 nsites= 8 E= 5.0e+001
 0.828315 0.104578 0.064996 0.002112
 0.995228 0.001330 0.001330 0.002112
 0.995228 0.001330 0.001330 0.002112
 0.002112 0.001330 0.994446 0.002112
 0.995228 0.001330 0.001330 0.002112
 0.002112 0.001330 0.001330 0.995228
 0.002112 0.994446 0.001330 0.002112
 0.995228 0.001330 0.001330 0.002112
 0.002112 0.994446 0.001330 0.002112
 0.788659 0.207899 0.001330 0.002112
 0.002112 0.001330 0.001330 0.995228
 0.208681 0.207899 0.104578 0.478842

MOTIF 50-AATCAACCTAGATT STREME-50
letter-probability matrix: alength= 4 w= 14 nsites= 8 E= 5.0e+001
 0.884636 0.001420 0.001420 0.112523
 0.994903 0.001420 0.001420 0.002256
 0.002256 0.001420 0.001420 0.994903
 0.002256 0.994068 0.001420 0.002256
 0.884636 0.111688 0.001420 0.002256
 0.994903 0.001420 0.001420 0.002256
 0.112523 0.773533 0.001420 0.112523
 0.222791 0.663265 0.001420 0.112523
 0.002256 0.001420 0.111688 0.884636
 0.884636 0.001420 0.001420 0.112523
 0.002256 0.001420 0.994068 0.002256
 0.774368 0.111688 0.001420 0.112523
 0.002256 0.001420 0.001420 0.994903
 0.002256 0.001420 0.111688 0.884636

********************************************************************************
Stopped because 50 consecutive motifs exceeded the p-value threshold (0.05).
********************************************************************************
COMMAND:	streme --oc streme_relative_output_upAboral --p promoters_500_upstream_upAboral.fasta --n promoters_500_upstream_upOralEpi.fasta --patience 50 --dna --thresh 0.05
********************************************************************************
CPU:		gypsum-gpu063
********************************************************************************
FINALTIME:	630.60 seconds
********************************************************************************
