CpG context (R1)
================
position	count methylated	count unmethylated	% methylation	coverage
1	12015	21712	35.62	33727
2	11113	25962	29.97	37075
3	13828	29487	31.92	43315
4	11395	26294	30.23	37689
5	11021	24295	31.21	35316
6	10799	22907	32.04	33706
7	10852	22677	32.37	33529
8	10112	21871	31.62	31983
9	10645	22235	32.38	32880
10	9922	22343	30.75	32265
11	10963	23768	31.57	34731
12	9482	22737	29.43	32219
13	10488	23256	31.08	33744
14	10012	22535	30.76	32547
15	10670	22948	31.74	33618
16	9816	22360	30.51	32176
17	10622	22819	31.76	33441
18	10126	22023	31.50	32149
19	10488	22965	31.35	33453
20	10684	22829	31.88	33513
21	11065	22965	32.52	34030
22	9436	22726	29.34	32162
23	10600	23902	30.72	34502
24	9602	22191	30.20	31793
25	9954	23069	30.14	33023
26	9116	22360	28.96	31476
27	10018	23664	29.74	33682
28	9595	22265	30.12	31860
29	10509	22792	31.56	33301
30	9354	22004	29.83	31358
31	9930	22842	30.30	32772
32	9477	22530	29.61	32007
33	9870	22551	30.44	32421
34	9008	22537	28.56	31545
35	10051	23482	29.97	33533
36	9684	22312	30.27	31996
37	10502	22485	31.84	32987
38	9466	22654	29.47	32120
39	10340	23827	30.26	34167
40	9862	22556	30.42	32418
41	10276	23088	30.80	33364
42	9493	22276	29.88	31769
43	10231	23421	30.40	33652
44	9354	22732	29.15	32086
45	10313	22209	31.71	32522
46	9658	22580	29.96	32238
47	9950	23520	29.73	33470
48	9799	21961	30.85	31760
49	10150	22497	31.09	32647
50	9596	21834	30.53	31430
51	10118	21652	31.85	31770
52	9665	21847	30.67	31512
53	10204	22851	30.87	33055
54	9259	21601	30.00	30860
55	10107	23094	30.44	33201
56	9460	22723	29.39	32183
57	10091	21662	31.78	31753
58	9611	20737	31.67	30348
59	10465	22258	31.98	32723
60	9629	21162	31.27	30791
61	10133	21054	32.49	31187
62	9291	21649	30.03	30940
63	10044	21793	31.55	31837
64	9877	20645	32.36	30522
65	10167	20793	32.84	30960
66	9324	20763	30.99	30087
67	9923	22201	30.89	32124
68	9613	22053	30.36	31666
69	10223	21478	32.25	31701
70	9586	21300	31.04	30886
71	10026	22145	31.16	32171
72	9243	20902	30.66	30145
73	9601	20812	31.57	30413
74	9128	21465	29.84	30593
75	9645	21014	31.46	30659
76	9242	21413	30.15	30655
77	9914	21515	31.54	31429
78	9279	20630	31.02	29909
79	9758	21109	31.61	30867
80	9381	21273	30.60	30654
81	9315	20615	31.12	29930
82	8922	20744	30.07	29666
83	9556	20943	31.33	30499
84	9240	20461	31.11	29701
85	9309	20618	31.11	29927
86	9218	20557	30.96	29775
87	9184	20908	30.52	30092
88	8962	20572	30.34	29534
89	9346	20552	31.26	29898
90	8984	20419	30.55	29403
91	9540	20190	32.09	29730
92	8889	20552	30.19	29441
93	9212	20028	31.50	29240
94	9169	20577	30.82	29746
95	9412	20716	31.24	30128
96	8874	20392	30.32	29266
97	9481	20244	31.90	29725
98	8966	20598	30.33	29564
99	9513	20668	31.52	30181
100	8794	20561	29.96	29355
101	9197	20250	31.23	29447
102	8968	20089	30.86	29057
103	9039	19785	31.36	28824
104	8495	20378	29.42	28873
105	9166	19646	31.81	28812
106	8436	19645	30.04	28081
107	8677	20129	30.12	28806
108	8743	19541	30.91	28284
109	9216	19908	31.64	29124
110	8642	19781	30.40	28423
111	9446	19413	32.73	28859
112	8791	19305	31.29	28096
113	8840	19575	31.11	28415
114	8513	19176	30.75	27689
115	9018	19627	31.48	28645
116	8105	19552	29.31	27657
117	8507	18951	30.98	27458
118	8252	19361	29.88	27613
119	8463	19350	30.43	27813
120	8289	19170	30.19	27459
121	8739	18574	32.00	27313
122	8176	19002	30.08	27178
123	8857	18643	32.21	27500
124	8470	18742	31.13	27212
125	8773	18738	31.89	27511
126	8700	19137	31.25	27837
127	8901	19019	31.88	27920
128	8356	18401	31.23	26757
129	8616	17880	32.52	26496
130	8153	18597	30.48	26750
131	8581	18448	31.75	27029
132	8199	18363	30.87	26562
133	8946	18463	32.64	27409
134	7992	18396	30.29	26388
135	8349	18119	31.54	26468
136	8187	18151	31.08	26338
137	8395	17979	31.83	26374
138	7974	17422	31.40	25396
139	8138	17891	31.27	26029
140	7946	17431	31.31	25377
141	8609	16963	33.67	25572
142	8142	17613	31.61	25755
143	8111	17730	31.39	25841
144	7889	17284	31.34	25173
145	8199	16768	32.84	24967
146	7897	17188	31.48	25085
147	7934	17089	31.71	25023
148	7554	16944	30.84	24498
149	7561	16276	31.72	23837
150	7012	14976	31.89	21988
151	7587	12237	38.27	19824

CHG context (R1)
================
position	count methylated	count unmethylated	% methylation	coverage
1	27863	23004	54.78	50867
2	23643	25010	48.60	48653
3	28467	25510	52.74	53977
4	17621	21901	44.59	39522
5	21890	19794	52.51	41684
6	20621	20849	49.73	41470
7	22166	21433	50.84	43599
8	16187	22111	42.27	38298
9	19877	22138	47.31	42015
10	20680	21739	48.75	42419
11	22395	22031	50.41	44426
12	16817	22360	42.93	39177
13	20262	21797	48.18	42059
14	21729	22310	49.34	44039
15	22859	21866	51.11	44725
16	17654	22342	44.14	39996
17	20689	21333	49.23	42022
18	20074	21936	47.78	42010
19	22688	21852	50.94	44540
20	17449	21657	44.62	39106
21	20249	22586	47.27	42835
22	20648	22283	48.10	42931
23	22059	21862	50.22	43921
24	16684	21750	43.41	38434
25	19811	21846	47.56	41657
26	20086	22126	47.58	42212
27	20828	21648	49.03	42476
28	17627	21907	44.59	39534
29	20136	21999	47.79	42135
30	19846	22135	47.27	41981
31	21722	22289	49.36	44011
32	17605	21904	44.56	39509
33	19794	21442	48.00	41236
34	20948	22134	48.62	43082
35	21309	22597	48.53	43906
36	17112	21770	44.01	38882
37	20193	21828	48.05	42021
38	19837	21990	47.43	41827
39	21705	22076	49.58	43781
40	17481	21748	44.56	39229
41	19897	22003	47.49	41900
42	19348	21688	47.15	41036
43	21837	21809	50.03	43646
44	17387	21395	44.83	38782
45	19720	21342	48.02	41062
46	20300	21280	48.82	41580
47	21003	21058	49.93	42061
48	16316	21613	43.02	37929
49	20099	21103	48.78	41202
50	18858	21440	46.80	40298
51	20955	21645	49.19	42600
52	17795	21517	45.27	39312
53	19694	20422	49.09	40116
54	18689	21571	46.42	40260
55	20993	21377	49.55	42370
56	17155	21658	44.20	38813
57	19035	21306	47.19	40341
58	19301	21404	47.42	40705
59	21051	20775	50.33	41826
60	16136	21083	43.35	37219
61	19164	21066	47.64	40230
62	19056	21473	47.02	40529
63	20313	20685	49.55	40998
64	16730	20305	45.17	37035
65	18902	20564	47.89	39466
66	18713	20734	47.44	39447
67	20057	21038	48.81	41095
68	16923	21299	44.28	38222
69	18638	20641	47.45	39279
70	18367	21217	46.40	39584
71	19632	21292	47.97	40924
72	16015	21004	43.26	37019
73	19127	21082	47.57	40209
74	18458	21152	46.60	39610
75	19560	21250	47.93	40810
76	16450	21322	43.55	37772
77	18100	20900	46.41	39000
78	18263	21301	46.16	39564
79	19446	21291	47.74	40737
80	15369	20927	42.34	36296
81	17438	20580	45.87	38018
82	18184	20916	46.51	39100
83	20047	21432	48.33	41479
84	14913	21319	41.16	36232
85	17406	21271	45.00	38677
86	18170	21243	46.10	39413
87	19053	21561	46.91	40614
88	15651	20331	43.50	35982
89	17615	20615	46.08	38230
90	17557	20815	45.75	38372
91	19405	20672	48.42	40077
92	14936	20849	41.74	35785
93	17578	20917	45.66	38495
94	18264	20992	46.53	39256
95	18178	20347	47.18	38525
96	14740	20437	41.90	35177
97	17267	20309	45.95	37576
98	17734	20637	46.22	38371
99	18628	20334	47.81	38962
100	15371	20712	42.60	36083
101	17412	20409	46.04	37821
102	17396	20665	45.71	38061
103	18840	20625	47.74	39465
104	14790	20434	41.99	35224
105	16803	19849	45.84	36652
106	17222	20117	46.12	37339
107	18034	20112	47.28	38146
108	14740	20192	42.20	34932
109	16668	19879	45.61	36547
110	17432	20156	46.38	37588
111	17959	19705	47.68	37664
112	14344	19899	41.89	34243
113	17162	20067	46.10	37229
114	17110	20299	45.74	37409
115	17414	19757	46.85	37171
116	14424	20444	41.37	34868
117	16735	19903	45.68	36638
118	17072	20328	45.65	37400
119	17137	20447	45.60	37584
120	13913	19866	41.19	33779
121	16449	20148	44.95	36597
122	15521	20096	43.58	35617
123	16816	19832	45.89	36648
124	14464	19544	42.53	34008
125	16068	19578	45.08	35646
126	15937	19674	44.75	35611
127	16348	19671	45.39	36019
128	13406	19605	40.61	33011
129	15592	19590	44.32	35182
130	15966	20049	44.33	36015
131	16516	19224	46.21	35740
132	13702	18857	42.08	32559
133	15289	19442	44.02	34731
134	15390	19781	43.76	35171
135	16121	19127	45.74	35248
136	13567	18859	41.84	32426
137	15214	18594	45.00	33808
138	14441	19175	42.96	33616
139	15707	19017	45.23	34724
140	12807	19184	40.03	31991
141	14375	18598	43.60	32973
142	14740	18884	43.84	33624
143	15479	18986	44.91	34465
144	12390	18638	39.93	31028
145	15008	18619	44.63	33627
146	14592	19306	43.05	33898
147	15091	18790	44.54	33881
148	12459	18197	40.64	30656
149	13372	18257	42.28	31629
150	15702	19679	44.38	35381
151	13205	13487	49.47	26692

CHH context (R1)
================
position	count methylated	count unmethylated	% methylation	coverage
1	227984	113630	66.74	341614
2	142640	135821	51.22	278461
3	182541	123094	59.73	305635
4	129906	122681	51.43	252587
5	163608	115663	58.58	279271
6	128234	128905	49.87	257139
7	170944	128456	57.10	299400
8	133755	135771	49.63	269526
9	168490	131626	56.14	300116
10	125664	136874	47.87	262538
11	158848	129885	55.02	288733
12	121988	135384	47.40	257372
13	172282	131480	56.72	303762
14	139208	137002	50.40	276210
15	166600	131327	55.92	297927
16	127616	135428	48.52	263044
17	161091	130108	55.32	291199
18	126436	136033	48.17	262469
19	175291	130515	57.32	305806
20	138203	136313	50.34	274516
21	174590	129503	57.41	304093
22	129355	136276	48.70	265631
23	164671	128151	56.24	292822
24	126275	134505	48.42	260780
25	175096	130119	57.37	305215
26	138976	135737	50.59	274713
27	170050	130744	56.53	300794
28	132280	133649	49.74	265929
29	168288	127980	56.80	296268
30	131029	133330	49.56	264359
31	178009	130144	57.77	308153
32	142160	135376	51.22	277536
33	175663	129171	57.63	304834
34	134603	137240	49.51	271843
35	167743	128910	56.55	296653
36	132056	133273	49.77	265329
37	179892	129531	58.14	309423
38	143826	134197	51.73	278023
39	176113	129289	57.67	305402
40	137231	133313	50.72	270544
41	171569	127185	57.43	298754
42	132889	133578	49.87	266467
43	179615	127835	58.42	307450
44	145932	132339	52.44	278271
45	177083	125599	58.50	302682
46	137367	131238	51.14	268605
47	167629	126904	56.91	294533
48	132829	129730	50.59	262559
49	179587	125431	58.88	305018
50	143380	129470	52.55	272850
51	172210	123301	58.28	295511
52	136238	127067	51.74	263305
53	163190	121921	57.24	285111
54	122927	127672	49.05	250599
55	169304	120536	58.41	289840
56	138031	123460	52.79	261491
57	162193	118410	57.80	280603
58	126920	121021	51.19	247941
59	157956	114725	57.93	272681
60	123833	120192	50.75	244025
61	169386	115254	59.51	284640
62	135675	120827	52.89	256502
63	160240	117634	57.67	277874
64	126720	119332	51.50	246052
65	157054	113943	57.95	270997
66	126643	117615	51.85	244258
67	163461	119064	57.86	282525
68	134003	122017	52.34	256020
69	160759	118832	57.50	279591
70	127861	122146	51.14	250007
71	156460	120411	56.51	276871
72	125660	124331	50.27	249991
73	169901	119118	58.79	289019
74	137513	123652	52.65	261165
75	161910	119600	57.51	281510
76	130077	122459	51.51	252536
77	157755	118246	57.16	276001
78	126308	121300	51.01	247608
79	165817	118447	58.33	284264
80	136705	120372	53.18	257077
81	162245	118618	57.77	280863
82	129182	123383	51.15	252565
83	155436	117688	56.91	273124
84	127567	118586	51.82	246153
85	163099	116739	58.28	279838
86	134523	120027	52.85	254550
87	157513	116708	57.44	274221
88	126547	119246	51.49	245793
89	152379	115451	56.89	267830
90	122545	118476	50.84	241021
91	159678	115009	58.13	274687
92	132798	118687	52.81	251485
93	155799	114811	57.57	270610
94	126738	117971	51.79	244709
95	145572	114183	56.04	259755
96	119729	116288	50.73	236017
97	154161	113904	57.51	268065
98	129380	115540	52.83	244920
99	148935	113853	56.67	262788
100	123000	116056	51.45	239056
101	144099	112649	56.12	256748
102	118383	114331	50.87	232714
103	147774	112780	56.72	260554
104	125129	115032	52.10	240161
105	143505	111620	56.25	255125
106	120871	114343	51.39	235214
107	137533	110987	55.34	248520
108	115387	113192	50.48	228579
109	143647	109899	56.66	253546
110	119085	112554	51.41	231639
111	137124	109076	55.70	246200
112	114956	111393	50.79	226349
113	131607	107683	55.00	239290
114	112246	109951	50.52	222197
115	135985	107576	55.83	243561
116	117652	109342	51.83	226994
117	129347	108231	54.44	237578
118	110387	110093	50.07	220480
119	123792	106416	53.77	230208
120	107045	107755	49.83	214800
121	130994	105267	55.44	236261
122	111486	108848	50.60	220334
123	123382	105320	53.95	228702
124	105833	108147	49.46	213980
125	118288	104482	53.10	222770
126	103092	104611	49.63	207703
127	121589	102956	54.15	224545
128	105425	105449	49.99	210874
129	116089	102047	53.22	218136
130	100614	104498	49.05	205112
131	110615	101520	52.14	212135
132	97373	102083	48.82	199456
133	113090	100107	53.04	213197
134	100553	101389	49.79	201942
135	107624	100053	51.82	207677
136	96381	100821	48.87	197202
137	104759	97905	51.69	202664
138	92128	99225	48.15	191353
139	106468	96736	52.39	203204
140	94657	98232	49.07	192889
141	102111	94748	51.87	196859
142	90109	98290	47.83	188399
143	99095	95022	51.05	194117
144	87796	95513	47.90	183309
145	99646	93514	51.59	193160
146	89856	96392	48.25	186248
147	95023	94128	50.24	189151
148	87255	96249	47.55	183504
149	93294	91756	50.42	185050
150	76915	88407	46.52	165322
151	71040	59878	54.26	130918

CpG context (R2)
================
position	count methylated	count unmethylated	% methylation	coverage
1	9555	18338	34.26	27893
2	5931	16543	26.39	22474
3	7181	16375	30.48	23556
4	8593	19553	30.53	28146
5	6919	19793	25.90	26712
6	7617	19706	27.88	27323
7	6130	16591	26.98	22721
8	6184	15654	28.32	21838
9	6240	16082	27.95	22322
10	6523	15840	29.17	22363
11	6514	15969	28.97	22483
12	6758	15789	29.97	22547
13	6794	16475	29.20	23269
14	6758	15542	30.30	22300
15	6548	15513	29.68	22061
16	6569	15536	29.72	22105
17	6460	15523	29.39	21983
18	6220	15199	29.04	21419
19	6238	15104	29.23	21342
20	6272	14668	29.95	20940
21	6274	15636	28.64	21910
22	6506	14745	30.62	21251
23	6390	14511	30.57	20901
24	6134	14689	29.46	20823
25	6195	15442	28.63	21637
26	6187	14201	30.35	20388
27	6100	14525	29.58	20625
28	6402	13891	31.55	20293
29	5914	14545	28.91	20459
30	5988	14182	29.69	20170
31	5876	14236	29.22	20112
32	5904	13775	30.00	19679
33	5909	14035	29.63	19944
34	6001	14057	29.92	20058
35	5759	14075	29.04	19834
36	5942	13849	30.02	19791
37	5761	13833	29.40	19594
38	5740	13252	30.22	18992
39	5784	13386	30.17	19170
40	5821	13359	30.35	19180
41	5587	13173	29.78	18760
42	5702	13022	30.45	18724
43	5541	13163	29.62	18704
44	5712	12851	30.77	18563
45	5655	13423	29.64	19078
46	5778	13158	30.51	18936
47	5621	12985	30.21	18606
48	5491	12731	30.13	18222
49	5467	12917	29.74	18384
50	5616	12415	31.15	18031
51	5335	12606	29.74	17941
52	5512	12498	30.61	18010
53	5334	12419	30.05	17753
54	5352	12454	30.06	17806
55	5215	12562	29.34	17777
56	5186	12000	30.18	17186
57	5256	12096	30.29	17352
58	5264	12136	30.25	17400
59	5323	11887	30.93	17210
60	5399	12025	30.99	17424
61	5121	12003	29.91	17124
62	5158	11644	30.70	16802
63	4863	11431	29.85	16294
64	4889	11647	29.57	16536
65	4931	11557	29.91	16488
66	5049	11280	30.92	16329
67	5108	11292	31.15	16400
68	4702	11254	29.47	15956
69	4771	11487	29.35	16258
70	4758	11203	29.81	15961
71	4746	11150	29.86	15896
72	4766	11057	30.12	15823
73	4667	11401	29.05	16068
74	4667	11192	29.43	15859
75	4455	11284	28.31	15739
76	4469	11067	28.77	15536
77	4553	11007	29.26	15560
78	4697	10926	30.06	15623
79	4826	10930	30.63	15756
80	4569	10708	29.91	15277
81	4565	10866	29.58	15431
82	4441	10521	29.68	14962
83	4462	10396	30.03	14858
84	4447	10279	30.20	14726
85	4416	10656	29.30	15072
86	4347	10296	29.69	14643
87	4266	10229	29.43	14495
88	4310	10213	29.68	14523
89	4259	10216	29.42	14475
90	4086	10211	28.58	14297
91	4146	10048	29.21	14194
92	4129	10093	29.03	14222
93	4051	10328	28.17	14379
94	4413	10012	30.59	14425
95	4099	9630	29.86	13729
96	4208	9825	29.99	14033
97	4173	10132	29.17	14305
98	4096	9622	29.86	13718
99	4182	9625	30.29	13807
100	4227	9596	30.58	13823
101	3990	9737	29.07	13727
102	4011	9809	29.02	13820
103	3863	9539	28.82	13402
104	3983	9179	30.26	13162
105	3908	9341	29.50	13249
106	4064	9248	30.53	13312
107	3942	9298	29.77	13240
108	3841	8962	30.00	12803
109	3895	8914	30.41	12809
110	3970	8845	30.98	12815
111	3828	8905	30.06	12733
112	3886	8895	30.40	12781
113	3631	9122	28.47	12753
114	3710	8966	29.27	12676
115	3775	8904	29.77	12679
116	3677	8498	30.20	12175
117	3680	8865	29.33	12545
118	3575	8668	29.20	12243
119	3577	8510	29.59	12087
120	3448	8347	29.23	11795
121	3301	8524	27.92	11825
122	3399	8500	28.57	11899
123	3536	8437	29.53	11973
124	3574	8197	30.36	11771
125	3491	8327	29.54	11818
126	3570	8306	30.06	11876
127	3609	8178	30.62	11787
128	3537	8000	30.66	11537
129	3396	8150	29.41	11546
130	3345	7856	29.86	11201
131	3316	7896	29.58	11212
132	3269	7830	29.45	11099
133	3284	8099	28.85	11383
134	3261	7782	29.53	11043
135	3193	7636	29.49	10829
136	3333	7547	30.63	10880
137	3244	7813	29.34	11057
138	3297	7399	30.82	10696
139	3139	7466	29.60	10605
140	3106	7543	29.17	10649
141	3001	7423	28.79	10424
142	3121	7285	29.99	10406
143	2942	7028	29.51	9970
144	2908	7175	28.84	10083
145	2916	7242	28.71	10158
146	2926	6985	29.52	9911
147	2599	6753	27.79	9352
148	2513	6833	26.89	9346
149	2165	6501	24.98	8666
150	1190	5812	17.00	7002
151	0	3539	0.00	3539

CHG context (R2)
================
position	count methylated	count unmethylated	% methylation	coverage
1	15415	22897	40.24	38312
2	18904	17103	52.50	36007
3	12218	18635	39.60	30853
4	13944	17358	44.55	31302
5	14379	20087	41.72	34466
6	15989	20606	43.69	36595
7	12215	20770	37.03	32985
8	11568	18165	38.91	29733
9	10780	17656	37.91	28436
10	12636	17454	41.99	30090
11	10669	17219	38.26	27888
12	10998	17283	38.89	28281
13	10566	17504	37.64	28070
14	12613	17654	41.67	30267
15	9985	17091	36.88	27076
16	10625	17022	38.43	27647
17	10090	17229	36.93	27319
18	11916	16876	41.39	28792
19	9782	17090	36.40	26872
20	10133	16890	37.50	27023
21	10229	16917	37.68	27146
22	11746	16934	40.96	28680
23	9862	16727	37.09	26589
24	10024	16351	38.01	26375
25	9521	16958	35.96	26479
26	11535	16870	40.61	28405
27	9380	16451	36.31	25831
28	9691	16602	36.86	26293
29	9707	16462	37.09	26169
30	10837	16212	40.06	27049
31	9268	16178	36.42	25446
32	9600	16010	37.49	25610
33	9234	15989	36.61	25223
34	10777	15851	40.47	26628
35	9212	15862	36.74	25074
36	9405	15475	37.80	24880
37	8807	15258	36.60	24065
38	10632	15261	41.06	25893
39	8776	14945	37.00	23721
40	8966	15271	36.99	24237
41	8777	15468	36.20	24245
42	10095	15043	40.16	25138
43	8614	15112	36.31	23726
44	8851	14967	37.16	23818
45	8242	15079	35.34	23321
46	9769	15138	39.22	24907
47	8488	14682	36.63	23170
48	8202	14708	35.80	22910
49	7734	14413	34.92	22147
50	9651	14630	39.75	24281
51	8359	14464	36.63	22823
52	8139	14694	35.65	22833
53	7940	14299	35.70	22239
54	8969	14420	38.35	23389
55	7613	14445	34.51	22058
56	8097	13856	36.88	21953
57	7627	13859	35.50	21486
58	9013	13849	39.42	22862
59	7657	14050	35.27	21707
60	7709	13932	35.62	21641
61	7445	13591	35.39	21036
62	8930	13512	39.79	22442
63	7535	13616	35.62	21151
64	7395	13617	35.19	21012
65	7435	13676	35.22	21111
66	8110	13664	37.25	21774
67	7155	13781	34.18	20936
68	7251	13539	34.88	20790
69	7118	13289	34.88	20407
70	7969	13243	37.57	21212
71	7287	13175	35.61	20462
72	7146	12597	36.20	19743
73	6691	12951	34.06	19642
74	7635	13255	36.55	20890
75	6369	13061	32.78	19430
76	6248	13320	31.93	19568
77	6940	12625	35.47	19565
78	7644	12761	37.46	20405
79	6868	12737	35.03	19605
80	6887	12875	34.85	19762
81	6588	12619	34.30	19207
82	7427	12349	37.56	19776
83	6383	12260	34.24	18643
84	6631	12055	35.49	18686
85	6096	12326	33.09	18422
86	7293	12408	37.02	19701
87	6163	12322	33.34	18485
88	6322	12267	34.01	18589
89	6207	12276	33.58	18483
90	6795	12254	35.67	19049
91	5947	12063	33.02	18010
92	6252	11818	34.60	18070
93	5924	11947	33.15	17871
94	6580	11990	35.43	18570
95	6222	11773	34.58	17995
96	5886	11648	33.57	17534
97	5765	11705	33.00	17470
98	6526	11915	35.39	18441
99	5733	11338	33.58	17071
100	5816	11394	33.79	17210
101	5761	11066	34.24	16827
102	6113	11456	34.79	17569
103	5728	11240	33.76	16968
104	5976	11248	34.70	17224
105	5399	11157	32.61	16556
106	6130	11093	35.59	17223
107	5804	11141	34.25	16945
108	5732	11006	34.25	16738
109	5331	11086	32.47	16417
110	6003	11000	35.31	17003
111	5584	10613	34.48	16197
112	5231	10539	33.17	15770
113	5227	10400	33.45	15627
114	5823	10262	36.20	16085
115	5141	10259	33.38	15400
116	5451	10485	34.21	15936
117	4973	10336	32.48	15309
118	5561	10486	34.65	16047
119	5060	10379	32.77	15439
120	5352	10419	33.94	15771
121	4866	10257	32.18	15123
122	5321	9871	35.03	15192
123	4740	9775	32.66	14515
124	4839	9843	32.96	14682
125	4675	9899	32.08	14574
126	5168	9749	34.65	14917
127	4779	9881	32.60	14660
128	4868	9735	33.34	14603
129	4703	9346	33.48	14049
130	4973	9568	34.20	14541
131	4817	9191	34.39	14008
132	4543	9100	33.30	13643
133	4300	9213	31.82	13513
134	4728	9421	33.42	14149
135	4363	9152	32.28	13515
136	4613	8941	34.03	13554
137	4421	8924	33.13	13345
138	4651	9292	33.36	13943
139	4170	9073	31.49	13243
140	4364	8865	32.99	13229
141	4245	8965	32.13	13210
142	4328	9137	32.14	13465
143	4028	8633	31.81	12661
144	4032	8416	32.39	12448
145	3829	8590	30.83	12419
146	4101	8393	32.82	12494
147	3625	8263	30.49	11888
148	3548	8023	30.66	11571
149	2703	7731	25.91	10434
150	1550	7245	17.62	8795
151	0	4319	0.00	4319

CHH context (R2)
================
position	count methylated	count unmethylated	% methylation	coverage
1	76976	95121	44.73	172097
2	93364	81874	53.28	175238
3	66446	89752	42.54	156198
4	79383	75620	51.21	155003
5	77104	78893	49.43	155997
6	79283	81778	49.23	161061
7	67761	86567	43.91	154328
8	77432	85568	47.50	163000
9	64683	89399	41.98	154082
10	76998	85598	47.36	162596
11	73303	89569	45.01	162872
12	78268	82437	48.70	160705
13	69271	86351	44.51	155622
14	74890	83153	47.39	158043
15	64199	84263	43.24	148462
16	75709	81386	48.19	157095
17	73166	84333	46.45	157499
18	75857	80443	48.53	156300
19	65826	85249	43.57	151075
20	73955	80778	47.80	154733
21	64683	83121	43.76	147804
22	74101	79761	48.16	153862
23	71123	83367	46.04	154490
24	74061	78614	48.51	152675
25	64365	82416	43.85	146781
26	70996	78667	47.44	149663
27	61426	80604	43.25	142030
28	72465	76202	48.74	148667
29	68559	82189	45.48	150748
30	72273	76067	48.72	148340
31	63752	80461	44.21	144213
32	69925	75693	48.02	145618
33	60486	78683	43.46	139169
34	68533	76005	47.42	144538
35	66644	78611	45.88	145255
36	70273	74620	48.50	144893
37	62699	76387	45.08	139086
38	67757	73685	47.90	141442
39	58884	75315	43.88	134199
40	68050	73463	48.09	141513
41	66376	75674	46.73	142050
42	68399	71838	48.77	140237
43	60566	74479	44.85	135045
44	65934	72094	47.77	138028
45	57382	73578	43.82	130960
46	65325	71184	47.85	136509
47	63196	73740	46.15	136936
48	65805	69862	48.50	135667
49	57700	72712	44.24	130412
50	63248	69498	47.65	132746
51	55476	72238	43.44	127714
52	63987	67889	48.52	131876
53	62259	70681	46.83	132940
54	64035	66579	49.03	130614
55	56472	70182	44.59	126654
56	62397	66732	48.32	129129
57	53584	69128	43.67	122712
58	60848	65341	48.22	126189
59	58596	68270	46.19	126866
60	62898	64122	49.52	127020
61	54859	66898	45.06	121757
62	59518	63830	48.25	123348
63	52196	65699	44.27	117895
64	57741	63843	47.49	121584
65	55690	66872	45.44	122562
66	58184	62901	48.05	121085
67	51674	65745	44.01	117419
68	57398	62472	47.88	119870
69	49037	64373	43.24	113410
70	56092	62128	47.45	118220
71	52830	66218	44.38	119048
72	55849	61930	47.42	117779
73	49910	64244	43.72	114154
74	52417	62749	45.51	115166
75	45040	64418	41.15	109458
76	48475	64702	42.83	113177
77	52006	60928	46.05	112934
78	54067	57968	48.26	112035
79	47848	60486	44.17	108334
80	52441	58559	47.24	111000
81	45326	60348	42.89	105674
82	50777	58453	46.49	109230
83	49100	60236	44.91	109336
84	51634	55953	47.99	107587
85	45636	58843	43.68	104479
86	49563	56615	46.68	106178
87	42931	57928	42.57	100859
88	48045	56058	46.15	104103
89	46154	58332	44.17	104486
90	47819	55473	46.29	103292
91	42932	57167	42.89	100099
92	47007	54862	46.14	101869
93	41321	55586	42.64	96907
94	44808	53820	45.43	98628
95	44090	55454	44.29	99544
96	45525	53392	46.02	98917
97	40281	54818	42.36	95099
98	43678	52591	45.37	96269
99	38150	54243	41.29	92393
100	42128	52240	44.64	94368
101	41465	54084	43.40	95549
102	42104	51298	45.08	93402
103	38294	52459	42.20	90753
104	41084	50473	44.87	91557
105	36502	51259	41.59	87761
106	39546	50010	44.16	89556
107	38891	52238	42.68	91129
108	40184	49309	44.90	89493
109	36285	50981	41.58	87266
110	38833	48803	44.31	87636
111	33843	50621	40.07	84464
112	37586	48920	43.45	86506
113	36697	49781	42.44	86478
114	37007	47684	43.70	84691
115	33999	48517	41.20	82516
116	36266	47053	43.53	83319
117	32229	47612	40.37	79841
118	35172	46290	43.18	81462
119	34261	47978	41.66	82239
120	34962	45332	43.54	80294
121	32713	46352	41.37	79065
122	34175	45734	42.77	79909
123	30196	46405	39.42	76601
124	32900	44276	42.63	77176
125	32516	45902	41.46	78418
126	32320	43688	42.52	76008
127	29804	45275	39.70	75079
128	31619	43538	42.07	75157
129	28609	44199	39.29	72808
130	30817	43080	41.70	73897
131	30557	43559	41.23	74116
132	30410	42123	41.93	72533
133	27984	43181	39.32	71165
134	29178	41625	41.21	70803
135	26111	41770	38.47	67881
136	28349	40801	41.00	69150
137	28166	41821	40.24	69987
138	28168	40218	41.19	68386
139	25574	41465	38.15	67039
140	26913	40219	40.09	67132
141	24186	40344	37.48	64530
142	26068	38661	40.27	64729
143	25530	40124	38.89	65654
144	25342	38205	39.88	63547
145	23366	39038	37.44	62404
146	24529	37238	39.71	61767
147	21023	37121	36.16	58144
148	21255	34100	38.40	55355
149	16128	32353	33.27	48481
150	9634	30336	24.10	39970
151	0	19406	0.00	19406

