(di-)nucleotide	count sample	percent sample	count genomic	percent genomic	coverage
A	420443562	31.02	126259161	30.92	3.330
C	254961938	18.81	77797826	19.05	3.277
G	266342371	19.65	77793347	19.05	3.424
T	413856153	30.53	126437200	30.97	3.273
AA	151419001	11.25	46077696	11.29	3.286
AC	74160526	5.51	22612398	5.54	3.280
AG	82973185	6.16	24271378	5.94	3.419
AT	108714572	8.08	33297584	8.16	3.265
CA	88311617	6.56	27041619	6.62	3.266
CC	47539124	3.53	15061460	3.69	3.156
CG	38471992	2.86	11381400	2.79	3.380
CT	78710441	5.85	24313227	5.95	3.237
GA	85410058	6.35	24790024	6.07	3.445
GC	51214415	3.80	15308284	3.75	3.346
GG	51665629	3.84	15047819	3.69	3.433
GT	76776034	5.70	22647104	5.55	3.390
TA	92385350	6.86	28349680	6.94	3.259
TC	80245874	5.96	24815561	6.08	3.234
TG	91164667	6.77	27092644	6.64	3.365
TT	146865469	10.91	46179182	11.31	3.180
