(di-)nucleotide	count sample	percent sample	count genomic	percent genomic	coverage
A	827493400	31.38	126259161	30.92	6.554
C	490932893	18.61	77797826	19.05	6.310
G	518260317	19.65	77793347	19.05	6.662
T	800622187	30.36	126437200	30.97	6.332
AA	302291719	11.54	46077696	11.29	6.560
AC	144284076	5.51	22612398	5.54	6.381
AG	162318790	6.20	24271378	5.94	6.688
AT	212325936	8.11	33297584	8.16	6.377
CA	171922091	6.57	27041619	6.62	6.358
CC	90277185	3.45	15061460	3.69	5.994
CG	74372708	2.84	11381400	2.79	6.535
CT	150677863	5.75	24313227	5.95	6.197
GA	167835670	6.41	24790024	6.07	6.770
GC	99147898	3.79	15308284	3.75	6.477
GG	100784778	3.85	15047819	3.69	6.698
GT	147947192	5.65	22647104	5.55	6.533
TA	179654608	6.86	28349680	6.94	6.337
TC	153761261	5.87	24815561	6.08	6.196
TG	176754808	6.75	27092644	6.64	6.524
TT	284311051	10.86	46179182	11.31	6.157
