(di-)nucleotide	count sample	percent sample	count genomic	percent genomic	coverage
A	64422524	29.96	126259161	30.92	0.510
C	43843644	20.39	77797826	19.05	0.564
G	39781313	18.50	77793347	19.05	0.511
T	67003371	31.16	126437200	30.97	0.530
AA	19504542	9.14	46077696	11.29	0.423
AC	13343571	6.25	22612398	5.54	0.590
AG	12589158	5.90	24271378	5.94	0.519
AT	18485026	8.66	33297584	8.16	0.555
CA	14485720	6.79	27041619	6.62	0.536
CC	9559907	4.48	15061460	3.69	0.635
CG	5359327	2.51	11381400	2.79	0.471
CT	14085602	6.60	24313227	5.95	0.579
GA	12436497	5.83	24790024	6.07	0.502
GC	7137979	3.34	15308284	3.75	0.466
GG	7150245	3.35	15047819	3.69	0.475
GT	12868039	6.03	22647104	5.55	0.568
TA	17533356	8.21	28349680	6.94	0.618
TC	13491074	6.32	24815561	6.08	0.544
TG	14345945	6.72	27092644	6.64	0.530
TT	21079892	9.88	46179182	11.31	0.456
