(di-)nucleotide	count sample	percent sample	count genomic	percent genomic	coverage
A	219998788	30.63	126259161	30.92	1.742
C	136115287	18.95	77797826	19.05	1.750
G	142003563	19.77	77793347	19.05	1.825
T	220048422	30.64	126437200	30.97	1.740
AA	77660643	10.89	46077696	11.29	1.685
AC	39323795	5.51	22612398	5.54	1.739
AG	44074209	6.18	24271378	5.94	1.816
AT	57291461	8.03	33297584	8.16	1.721
CA	46644098	6.54	27041619	6.62	1.725
CC	25643149	3.60	15061460	3.69	1.703
CG	20445397	2.87	11381400	2.79	1.796
CT	42314955	5.93	24313227	5.95	1.740
GA	45150977	6.33	24790024	6.07	1.821
GC	27241471	3.82	15308284	3.75	1.780
GG	27620793	3.87	15047819	3.69	1.836
GT	41350802	5.80	22647104	5.55	1.826
TA	49060316	6.88	28349680	6.94	1.731
TC	42965205	6.02	24815561	6.08	1.731
TG	48736186	6.83	27092644	6.64	1.799
TT	77614605	10.88	46179182	11.31	1.681
