(di-)nucleotide	count sample	percent sample	count genomic	percent genomic	coverage
A	205450023	30.87	126259161	30.92	1.627
C	126520879	19.01	77797826	19.05	1.626
G	129840262	19.51	77793347	19.05	1.669
T	203636732	30.60	126437200	30.97	1.611
AA	73252146	11.09	46077696	11.29	1.590
AC	36623443	5.54	22612398	5.54	1.620
AG	40563605	6.14	24271378	5.94	1.671
AT	53439244	8.09	33297584	8.16	1.605
CA	43417724	6.57	27041619	6.62	1.606
CC	24055564	3.64	15061460	3.69	1.597
CG	18716860	2.83	11381400	2.79	1.645
CT	39348077	5.96	24313227	5.95	1.618
GA	41608933	6.30	24790024	6.07	1.678
GC	24928524	3.77	15308284	3.75	1.628
GG	25044528	3.79	15047819	3.69	1.664
GT	37639168	5.70	22647104	5.55	1.662
TA	45724996	6.92	28349680	6.94	1.613
TC	40018083	6.06	24815561	6.08	1.613
TG	44463833	6.73	27092644	6.64	1.641
TT	71810501	10.87	46179182	11.31	1.555
