(di-)nucleotide	count sample	percent sample	count genomic	percent genomic	coverage
A	165446250	30.74	126259161	30.92	1.310
C	102511773	19.05	77797826	19.05	1.318
G	105591933	19.62	77793347	19.05	1.357
T	164597347	30.59	126437200	30.97	1.302
AA	58254240	10.90	46077696	11.29	1.264
AC	29735658	5.57	22612398	5.54	1.315
AG	33176870	6.21	24271378	5.94	1.367
AT	43021813	8.05	33297584	8.16	1.292
CA	35037031	6.56	27041619	6.62	1.296
CC	19566253	3.66	15061460	3.69	1.299
CG	15196972	2.84	11381400	2.79	1.335
CT	31932474	5.98	24313227	5.95	1.313
GA	33807717	6.33	24790024	6.07	1.364
GC	20201872	3.78	15308284	3.75	1.320
GG	20287103	3.80	15047819	3.69	1.348
GT	30791635	5.76	22647104	5.55	1.360
TA	37194688	6.96	28349680	6.94	1.312
TC	32293318	6.04	24815561	6.08	1.301
TG	36097196	6.76	27092644	6.64	1.332
TT	57738333	10.81	46179182	11.31	1.250
