(di-)nucleotide	count sample	percent sample	count genomic	percent genomic	coverage
A	182766920	30.80	126259161	30.92	1.448
C	113650839	19.15	77797826	19.05	1.461
G	115833261	19.52	77793347	19.05	1.489
T	181181138	30.53	126437200	30.97	1.433
AA	64895789	11.02	46077696	11.29	1.408
AC	32859823	5.58	22612398	5.54	1.453
AG	36206040	6.15	24271378	5.94	1.492
AT	47414781	8.05	33297584	8.16	1.424
CA	38998993	6.62	27041619	6.62	1.442
CC	21784898	3.70	15061460	3.69	1.446
CG	16729731	2.84	11381400	2.79	1.470
CT	35223305	5.98	24313227	5.95	1.449
GA	37021151	6.28	24790024	6.07	1.493
GC	22338083	3.79	15308284	3.75	1.459
GG	22319132	3.79	15047819	3.69	1.483
GT	33575053	5.70	22647104	5.55	1.483
TA	40587141	6.89	28349680	6.94	1.432
TC	35832001	6.08	24815561	6.08	1.444
TG	39595213	6.72	27092644	6.64	1.461
TT	63743071	10.82	46179182	11.31	1.380
