(di-)nucleotide	count sample	percent sample	count genomic	percent genomic	coverage
A	239946555	30.88	126259161	30.92	1.900
C	147642030	19.00	77797826	19.05	1.898
G	151858260	19.54	77793347	19.05	1.952
T	237625699	30.58	126437200	30.97	1.879
AA	85451022	11.07	46077696	11.29	1.854
AC	42949552	5.57	22612398	5.54	1.899
AG	47564276	6.16	24271378	5.94	1.960
AT	62195451	8.06	33297584	8.16	1.868
CA	50927940	6.60	27041619	6.62	1.883
CC	27911846	3.62	15061460	3.69	1.853
CG	21859695	2.83	11381400	2.79	1.921
CT	45824537	5.94	24313227	5.95	1.885
GA	48630461	6.30	24790024	6.07	1.962
GC	29254687	3.79	15308284	3.75	1.911
GG	29183791	3.78	15047819	3.69	1.939
GT	44121335	5.72	22647104	5.55	1.948
TA	53291139	6.91	28349680	6.94	1.880
TC	46513859	6.03	24815561	6.08	1.874
TG	52096193	6.75	27092644	6.64	1.923
TT	83885857	10.87	46179182	11.31	1.817
