(di-)nucleotide	count sample	percent sample	count genomic	percent genomic	coverage
A	166846408	30.65	126259161	30.92	1.321
C	104769807	19.25	77797826	19.05	1.347
G	106335309	19.53	77793347	19.05	1.367
T	166396519	30.57	126437200	30.97	1.316
AA	57235084	10.59	46077696	11.29	1.242
AC	30945810	5.73	22612398	5.54	1.369
AG	33186676	6.14	24271378	5.94	1.367
AT	44209935	8.18	33297584	8.16	1.328
CA	35815934	6.63	27041619	6.62	1.324
CC	20429537	3.78	15061460	3.69	1.356
CG	15080080	2.79	11381400	2.79	1.325
CT	32668874	6.04	24313227	5.95	1.344
GA	33809695	6.26	24790024	6.07	1.364
GC	20030926	3.71	15308284	3.75	1.309
GG	20585241	3.81	15047819	3.69	1.368
GT	31380679	5.81	22647104	5.55	1.386
TA	38833931	7.18	28349680	6.94	1.370
TC	32664327	6.04	24815561	6.08	1.316
TG	36612528	6.77	27092644	6.64	1.351
TT	57015204	10.55	46179182	11.31	1.235
