(di-)nucleotide	count sample	percent sample	count genomic	percent genomic	coverage
A	366549612	30.99	126259161	30.92	2.903
C	224106617	18.95	77797826	19.05	2.881
G	231016440	19.53	77793347	19.05	2.970
T	361159560	30.53	126437200	30.97	2.856
AA	131467486	11.19	46077696	11.29	2.853
AC	65299271	5.56	22612398	5.54	2.888
AG	72227125	6.15	24271378	5.94	2.976
AT	94842722	8.07	33297584	8.16	2.848
CA	77667766	6.61	27041619	6.62	2.872
CC	42142469	3.59	15061460	3.69	2.798
CG	33335661	2.84	11381400	2.79	2.929
CT	69247080	5.90	24313227	5.95	2.848
GA	74098531	6.31	24790024	6.07	2.989
GC	44659609	3.80	15308284	3.75	2.917
GG	44490719	3.79	15047819	3.69	2.957
GT	66775312	5.68	22647104	5.55	2.949
TA	80823468	6.88	28349680	6.94	2.851
TC	70457101	6.00	24815561	6.08	2.839
TG	79202027	6.74	27092644	6.64	2.923
TT	127879449	10.89	46179182	11.31	2.769
