#Coverage	Number of genomic locations
0.0	2.25953395E8
1.0	2.1464122E7
2.0	3.9285694E7
3.0	2.8729716E7
4.0	2.7783014E7
5.0	1.202233E7
6.0	1.6779786E7
7.0	7290699.0
8.0	8737300.0
9.0	4352406.0
10.0	4500826.0
11.0	2427016.0
12.0	2369813.0
13.0	1316233.0
14.0	1243069.0
15.0	726007.0
16.0	676636.0
17.0	413894.0
18.0	372939.0
19.0	238076.0
20.0	210799.0
21.0	150370.0
22.0	125584.0
23.0	92891.0
24.0	84505.0
25.0	62792.0
26.0	57634.0
27.0	44994.0
28.0	41997.0
29.0	34706.0
30.0	30497.0
31.0	27058.0
32.0	25335.0
33.0	21933.0
34.0	20297.0
35.0	18478.0
36.0	17622.0
37.0	15846.0
38.0	14994.0
39.0	13720.0
40.0	13748.0
41.0	12301.0
42.0	11548.0
43.0	10654.0
44.0	10480.0
45.0	9531.0
46.0	9413.0
47.0	8575.0
48.0	8662.0
49.0	7966.0
50.0	8023.0
51.0	7346.0
52.0	7643.0
53.0	7237.0
54.0	6939.0
55.0	6568.0
56.0	6423.0
57.0	6395.0
58.0	6083.0
59.0	5913.0
60.0	5933.0
61.0	5279.0
62.0	5554.0
63.0	5287.0
64.0	5210.0
65.0	4655.0
66.0	4726.0
67.0	4575.0
68.0	4493.0
69.0	4247.0
70.0	4350.0
71.0	4114.0
72.0	3997.0
73.0	3900.0
74.0	3970.0
75.0	3751.0
76.0	3687.0
77.0	3485.0
78.0	3417.0
79.0	3471.0
80.0	3293.0
81.0	3338.0
82.0	3076.0
83.0	3087.0
84.0	2985.0
85.0	2807.0
86.0	2859.0
87.0	2926.0
88.0	2887.0
89.0	2763.0
90.0	2896.0
91.0	2788.0
92.0	2670.0
93.0	2537.0
94.0	2599.0
95.0	2600.0
96.0	2354.0
97.0	2429.0
98.0	2241.0
99.0	2206.0
100.0	2213.0
101.0	2172.0
102.0	2104.0
103.0	2041.0
104.0	1929.0
105.0	1808.0
106.0	1885.0
107.0	1780.0
108.0	1747.0
109.0	1668.0
110.0	1737.0
111.0	1769.0
112.0	1799.0
113.0	1706.0
114.0	1721.0
115.0	1642.0
116.0	1562.0
117.0	1596.0
118.0	1510.0
119.0	1475.0
120.0	1503.0
121.0	1486.0
122.0	1443.0
123.0	1443.0
124.0	1363.0
125.0	1397.0
126.0	1415.0
127.0	1398.0
128.0	1320.0
129.0	1349.0
130.0	1395.0
131.0	1303.0
132.0	1267.0
133.0	1232.0
134.0	1211.0
135.0	1285.0
136.0	1257.0
137.0	1167.0
138.0	1119.0
139.0	1147.0
140.0	1126.0
141.0	1200.0
142.0	1090.0
143.0	1035.0
144.0	1019.0
145.0	1076.0
146.0	1034.0
147.0	1019.0
148.0	1038.0
149.0	1029.0
150.0	881.0
151.0	938.0
152.0	911.0
153.0	970.0
154.0	963.0
155.0	891.0
156.0	930.0
157.0	952.0
158.0	906.0
159.0	889.0
160.0	892.0
161.0	887.0
162.0	879.0
163.0	871.0
164.0	821.0
165.0	797.0
166.0	853.0
167.0	803.0
168.0	785.0
169.0	742.0
170.0	786.0
171.0	706.0
172.0	728.0
173.0	678.0
174.0	740.0
175.0	704.0
176.0	701.0
177.0	711.0
178.0	663.0
179.0	632.0
180.0	630.0
181.0	614.0
182.0	637.0
183.0	614.0
184.0	594.0
185.0	582.0
186.0	611.0
187.0	566.0
188.0	591.0
189.0	551.0
190.0	574.0
191.0	591.0
192.0	503.0
193.0	534.0
194.0	460.0
195.0	503.0
196.0	464.0
197.0	510.0
198.0	509.0
199.0	460.0
200.0	484.0
201.0	477.0
202.0	496.0
203.0	489.0
204.0	456.0
205.0	492.0
206.0	478.0
207.0	433.0
208.0	472.0
209.0	417.0
210.0	501.0
211.0	476.0
212.0	415.0
213.0	412.0
214.0	447.0
215.0	396.0
216.0	338.0
217.0	385.0
218.0	387.0
219.0	396.0
220.0	341.0
221.0	380.0
222.0	374.0
223.0	366.0
224.0	364.0
225.0	361.0
226.0	349.0
227.0	329.0
228.0	316.0
229.0	331.0
230.0	300.0
231.0	314.0
232.0	328.0
233.0	338.0
234.0	318.0
235.0	346.0
236.0	323.0
237.0	331.0
238.0	281.0
239.0	317.0
240.0	264.0
241.0	309.0
242.0	339.0
243.0	314.0
244.0	288.0
245.0	319.0
246.0	298.0
247.0	283.0
248.0	281.0
249.0	352.0
250.0	300.0
251.0	309.0
252.0	309.0
253.0	300.0
254.0	331.0
255.0	297.0
256.0	330.0
257.0	271.0
258.0	345.0
259.0	324.0
260.0	315.0
261.0	318.0
262.0	316.0
263.0	281.0
264.0	305.0
265.0	278.0
266.0	298.0
267.0	289.0
268.0	289.0
269.0	264.0
270.0	242.0
271.0	270.0
272.0	269.0
273.0	250.0
274.0	263.0
275.0	250.0
276.0	253.0
277.0	247.0
278.0	254.0
279.0	233.0
280.0	197.0
281.0	205.0
282.0	205.0
283.0	220.0
284.0	225.0
285.0	247.0
286.0	257.0
287.0	238.0
288.0	187.0
289.0	205.0
290.0	227.0
291.0	188.0
292.0	177.0
293.0	185.0
294.0	177.0
295.0	181.0
296.0	196.0
297.0	179.0
298.0	184.0
299.0	190.0
300.0	200.0
301.0	236.0
302.0	189.0
303.0	219.0
304.0	192.0
305.0	190.0
306.0	178.0
307.0	178.0
308.0	201.0
309.0	172.0
310.0	191.0
311.0	200.0
312.0	197.0
313.0	199.0
314.0	177.0
315.0	165.0
316.0	180.0
317.0	150.0
318.0	180.0
319.0	153.0
320.0	149.0
321.0	153.0
322.0	193.0
323.0	159.0
324.0	135.0
325.0	162.0
326.0	144.0
327.0	152.0
328.0	163.0
329.0	143.0
330.0	131.0
331.0	173.0
332.0	155.0
333.0	146.0
334.0	133.0
335.0	122.0
336.0	136.0
337.0	128.0
338.0	131.0
339.0	144.0
340.0	148.0
341.0	125.0
342.0	140.0
343.0	147.0
344.0	134.0
345.0	113.0
346.0	136.0
347.0	133.0
348.0	134.0
349.0	127.0
350.0	125.0
351.0	145.0
352.0	138.0
353.0	122.0
354.0	113.0
355.0	133.0
356.0	138.0
357.0	129.0
358.0	129.0
359.0	127.0
360.0	128.0
361.0	141.0
362.0	119.0
363.0	115.0
364.0	109.0
365.0	136.0
366.0	127.0
367.0	103.0
368.0	111.0
369.0	117.0
370.0	107.0
371.0	121.0
372.0	140.0
373.0	146.0
374.0	125.0
375.0	127.0
376.0	128.0
377.0	135.0
378.0	128.0
379.0	114.0
380.0	113.0
381.0	122.0
382.0	113.0
383.0	132.0
384.0	94.0
385.0	116.0
386.0	127.0
387.0	123.0
388.0	132.0
389.0	111.0
390.0	122.0
391.0	99.0
392.0	113.0
393.0	116.0
394.0	86.0
395.0	99.0
396.0	113.0
397.0	88.0
398.0	106.0
399.0	100.0
400.0	91.0
401.0	106.0
402.0	113.0
403.0	98.0
404.0	109.0
405.0	89.0
406.0	85.0
407.0	105.0
408.0	90.0
409.0	105.0
410.0	98.0
411.0	95.0
412.0	87.0
413.0	87.0
414.0	84.0
415.0	93.0
416.0	100.0
417.0	95.0
418.0	96.0
419.0	102.0
420.0	95.0
421.0	85.0
422.0	88.0
423.0	79.0
424.0	89.0
425.0	91.0
426.0	98.0
427.0	80.0
428.0	83.0
429.0	76.0
430.0	98.0
431.0	76.0
432.0	78.0
433.0	65.0
434.0	85.0
435.0	76.0
436.0	65.0
437.0	63.0
438.0	64.0
439.0	59.0
440.0	89.0
441.0	70.0
442.0	62.0
443.0	70.0
444.0	74.0
445.0	85.0
446.0	92.0
447.0	78.0
448.0	70.0
449.0	83.0
450.0	78.0
451.0	69.0
452.0	67.0
453.0	81.0
454.0	75.0
455.0	69.0
456.0	73.0
457.0	78.0
458.0	79.0
459.0	55.0
460.0	66.0
461.0	70.0
462.0	62.0
463.0	64.0
464.0	67.0
465.0	67.0
466.0	77.0
467.0	58.0
468.0	65.0
469.0	57.0
470.0	64.0
471.0	70.0
472.0	77.0
473.0	72.0
474.0	72.0
475.0	67.0
476.0	76.0
477.0	65.0
478.0	81.0
479.0	35.0
480.0	59.0
481.0	70.0
482.0	63.0
483.0	78.0
484.0	63.0
485.0	70.0
486.0	74.0
487.0	57.0
488.0	60.0
489.0	62.0
490.0	67.0
491.0	70.0
492.0	58.0
493.0	70.0
494.0	69.0
495.0	65.0
496.0	70.0
497.0	53.0
498.0	50.0
499.0	57.0
500.0	55.0
501.0	65.0
502.0	53.0
503.0	58.0
504.0	66.0
505.0	60.0
506.0	45.0
507.0	57.0
508.0	66.0
509.0	58.0
510.0	54.0
511.0	43.0
512.0	63.0
513.0	55.0
514.0	57.0
515.0	56.0
516.0	55.0
517.0	54.0
518.0	51.0
519.0	54.0
520.0	60.0
521.0	59.0
522.0	48.0
523.0	51.0
524.0	47.0
525.0	42.0
526.0	48.0
527.0	45.0
528.0	44.0
529.0	46.0
530.0	38.0
531.0	33.0
532.0	46.0
533.0	29.0
534.0	37.0
535.0	40.0
536.0	47.0
537.0	38.0
538.0	44.0
539.0	42.0
540.0	44.0
541.0	41.0
542.0	50.0
543.0	45.0
544.0	40.0
545.0	39.0
546.0	40.0
547.0	43.0
548.0	44.0
549.0	38.0
550.0	43.0
551.0	38.0
552.0	39.0
553.0	43.0
554.0	53.0
555.0	30.0
556.0	34.0
557.0	44.0
558.0	39.0
559.0	41.0
560.0	25.0
561.0	40.0
562.0	33.0
563.0	52.0
564.0	55.0
565.0	35.0
566.0	35.0
567.0	25.0
568.0	38.0
569.0	33.0
570.0	34.0
571.0	19.0
572.0	21.0
573.0	23.0
574.0	26.0
575.0	31.0
576.0	28.0
577.0	22.0
578.0	25.0
579.0	28.0
580.0	31.0
581.0	27.0
582.0	26.0
583.0	26.0
584.0	15.0
585.0	24.0
586.0	33.0
587.0	21.0
588.0	15.0
589.0	32.0
590.0	21.0
591.0	29.0
592.0	24.0
593.0	23.0
594.0	28.0
595.0	23.0
596.0	32.0
597.0	29.0
598.0	28.0
599.0	32.0
600.0	36.0
601.0	31.0
602.0	30.0
603.0	29.0
604.0	35.0
605.0	35.0
606.0	29.0
607.0	32.0
608.0	30.0
609.0	22.0
610.0	33.0
611.0	27.0
612.0	19.0
613.0	44.0
614.0	35.0
615.0	33.0
616.0	33.0
617.0	33.0
618.0	34.0
619.0	25.0
620.0	23.0
621.0	24.0
622.0	24.0
623.0	26.0
624.0	21.0
625.0	18.0
626.0	22.0
627.0	17.0
628.0	26.0
629.0	26.0
630.0	20.0
631.0	23.0
632.0	13.0
633.0	31.0
634.0	21.0
635.0	16.0
636.0	25.0
637.0	20.0
638.0	24.0
639.0	32.0
640.0	26.0
641.0	17.0
642.0	26.0
643.0	20.0
644.0	24.0
645.0	25.0
646.0	26.0
647.0	25.0
648.0	25.0
649.0	22.0
650.0	22.0
651.0	18.0
652.0	21.0
653.0	26.0
654.0	24.0
655.0	28.0
656.0	17.0
657.0	29.0
658.0	18.0
659.0	13.0
660.0	27.0
661.0	22.0
662.0	19.0
663.0	12.0
664.0	17.0
665.0	26.0
666.0	13.0
667.0	21.0
668.0	24.0
669.0	18.0
670.0	18.0
671.0	17.0
672.0	22.0
673.0	19.0
674.0	25.0
675.0	16.0
676.0	13.0
677.0	18.0
678.0	12.0
679.0	23.0
680.0	18.0
681.0	29.0
682.0	18.0
683.0	25.0
684.0	27.0
685.0	20.0
686.0	14.0
687.0	22.0
688.0	16.0
689.0	19.0
690.0	27.0
691.0	16.0
692.0	21.0
693.0	18.0
694.0	18.0
695.0	20.0
696.0	20.0
697.0	17.0
698.0	25.0
699.0	14.0
700.0	15.0
701.0	22.0
702.0	20.0
703.0	23.0
704.0	18.0
705.0	17.0
706.0	19.0
707.0	19.0
708.0	16.0
709.0	13.0
710.0	16.0
711.0	20.0
712.0	11.0
713.0	26.0
714.0	15.0
715.0	12.0
716.0	9.0
717.0	15.0
718.0	15.0
719.0	20.0
720.0	7.0
721.0	21.0
722.0	23.0
723.0	19.0
724.0	16.0
725.0	15.0
726.0	12.0
727.0	16.0
728.0	8.0
729.0	13.0
730.0	10.0
731.0	12.0
732.0	17.0
733.0	20.0
734.0	17.0
735.0	18.0
736.0	23.0
737.0	19.0
738.0	17.0
739.0	13.0
740.0	10.0
741.0	17.0
742.0	13.0
743.0	19.0
744.0	22.0
745.0	19.0
746.0	20.0
747.0	23.0
748.0	15.0
749.0	14.0
750.0	16.0
751.0	17.0
752.0	15.0
753.0	19.0
754.0	18.0
755.0	15.0
756.0	14.0
757.0	11.0
758.0	14.0
759.0	17.0
760.0	16.0
761.0	14.0
762.0	14.0
763.0	15.0
764.0	20.0
765.0	22.0
766.0	22.0
767.0	30.0
768.0	12.0
769.0	19.0
770.0	30.0
771.0	15.0
772.0	17.0
773.0	15.0
774.0	16.0
775.0	16.0
776.0	17.0
777.0	18.0
778.0	16.0
779.0	20.0
780.0	26.0
781.0	20.0
782.0	28.0
783.0	26.0
784.0	22.0
785.0	20.0
786.0	23.0
787.0	26.0
788.0	15.0
789.0	12.0
790.0	11.0
791.0	18.0
792.0	18.0
793.0	16.0
794.0	20.0
795.0	20.0
796.0	8.0
797.0	14.0
798.0	13.0
799.0	15.0
800.0	15.0
801.0	10.0
802.0	16.0
803.0	16.0
804.0	20.0
805.0	14.0
806.0	19.0
807.0	18.0
808.0	8.0
809.0	14.0
810.0	18.0
811.0	12.0
812.0	9.0
813.0	12.0
814.0	11.0
815.0	12.0
816.0	12.0
817.0	16.0
818.0	20.0
819.0	17.0
820.0	10.0
821.0	18.0
822.0	17.0
823.0	6.0
824.0	10.0
825.0	9.0
826.0	8.0
827.0	14.0
828.0	12.0
829.0	14.0
830.0	9.0
831.0	8.0
832.0	11.0
833.0	6.0
834.0	17.0
835.0	15.0
836.0	14.0
837.0	17.0
838.0	12.0
839.0	18.0
840.0	13.0
841.0	10.0
842.0	21.0
843.0	13.0
844.0	13.0
845.0	16.0
846.0	22.0
847.0	9.0
848.0	10.0
849.0	12.0
850.0	15.0
851.0	12.0
852.0	12.0
853.0	11.0
854.0	18.0
855.0	17.0
856.0	12.0
857.0	16.0
858.0	8.0
859.0	12.0
860.0	16.0
861.0	7.0
862.0	8.0
863.0	9.0
864.0	8.0
865.0	14.0
866.0	9.0
867.0	6.0
868.0	13.0
869.0	5.0
870.0	12.0
871.0	6.0
872.0	12.0
873.0	11.0
874.0	7.0
875.0	8.0
876.0	8.0
877.0	9.0
878.0	4.0
879.0	9.0
880.0	7.0
881.0	15.0
882.0	9.0
883.0	13.0
884.0	5.0
885.0	7.0
886.0	9.0
887.0	10.0
888.0	7.0
889.0	10.0
890.0	14.0
891.0	9.0
892.0	6.0
893.0	14.0
894.0	12.0
895.0	10.0
896.0	14.0
897.0	20.0
898.0	22.0
899.0	13.0
900.0	4.0
901.0	16.0
902.0	10.0
903.0	18.0
904.0	13.0
905.0	16.0
906.0	15.0
907.0	12.0
908.0	11.0
909.0	15.0
910.0	16.0
911.0	5.0
912.0	11.0
913.0	9.0
914.0	14.0
915.0	10.0
916.0	12.0
917.0	16.0
918.0	18.0
919.0	19.0
920.0	16.0
921.0	16.0
922.0	13.0
923.0	17.0
924.0	13.0
925.0	9.0
926.0	10.0
927.0	12.0
928.0	8.0
929.0	3.0
930.0	7.0
931.0	7.0
932.0	6.0
933.0	14.0
934.0	6.0
935.0	7.0
936.0	5.0
937.0	7.0
938.0	9.0
939.0	7.0
940.0	4.0
941.0	7.0
942.0	6.0
943.0	5.0
944.0	7.0
945.0	11.0
946.0	8.0
947.0	8.0
948.0	12.0
949.0	10.0
950.0	9.0
951.0	10.0
952.0	6.0
953.0	12.0
954.0	3.0
955.0	4.0
956.0	10.0
957.0	3.0
958.0	7.0
959.0	7.0
960.0	5.0
961.0	12.0
962.0	5.0
963.0	8.0
964.0	9.0
965.0	9.0
966.0	5.0
967.0	6.0
968.0	13.0
969.0	3.0
970.0	9.0
971.0	9.0
972.0	9.0
973.0	5.0
974.0	3.0
975.0	8.0
976.0	7.0
977.0	5.0
978.0	7.0
979.0	5.0
980.0	13.0
981.0	4.0
982.0	4.0
983.0	7.0
984.0	10.0
985.0	5.0
986.0	8.0
987.0	10.0
988.0	9.0
989.0	9.0
990.0	5.0
991.0	8.0
992.0	13.0
993.0	7.0
994.0	4.0
995.0	5.0
996.0	7.0
997.0	7.0
998.0	5.0
999.0	2.0
1000.0	7.0
1001.0	8.0
1002.0	5.0
1003.0	4.0
1004.0	12.0
1005.0	10.0
1006.0	6.0
1007.0	10.0
1008.0	10.0
1009.0	6.0
1010.0	7.0
1011.0	6.0
1012.0	11.0
1013.0	6.0
1014.0	11.0
1015.0	4.0
1016.0	8.0
1017.0	8.0
1018.0	7.0
1019.0	3.0
1020.0	14.0
1021.0	5.0
1022.0	5.0
1023.0	7.0
1024.0	6.0
1025.0	5.0
1026.0	9.0
1027.0	7.0
1028.0	10.0
1029.0	2.0
1030.0	10.0
1031.0	9.0
1032.0	8.0
1033.0	7.0
1034.0	5.0
1035.0	12.0
1036.0	12.0
1037.0	5.0
1038.0	11.0
1039.0	12.0
1040.0	3.0
1041.0	9.0
1042.0	6.0
1043.0	7.0
1044.0	7.0
1045.0	8.0
1046.0	7.0
1047.0	5.0
1048.0	3.0
1049.0	7.0
1050.0	8.0
1051.0	7.0
1052.0	5.0
1053.0	11.0
1054.0	7.0
1055.0	12.0
1056.0	10.0
1057.0	8.0
1058.0	10.0
1059.0	4.0
1060.0	6.0
1061.0	6.0
1062.0	9.0
1063.0	8.0
1064.0	7.0
1065.0	6.0
1066.0	10.0
1067.0	8.0
1068.0	8.0
1069.0	11.0
1070.0	7.0
1071.0	8.0
1072.0	11.0
1073.0	12.0
1074.0	12.0
1075.0	8.0
1076.0	11.0
1077.0	7.0
1078.0	11.0
1079.0	11.0
1080.0	14.0
1081.0	16.0
1082.0	9.0
1083.0	13.0
1084.0	18.0
1085.0	19.0
1086.0	9.0
1087.0	6.0
1088.0	13.0
1089.0	8.0
1090.0	7.0
1091.0	6.0
1092.0	9.0
1093.0	7.0
1094.0	9.0
1095.0	3.0
1096.0	6.0
1097.0	10.0
1098.0	7.0
1099.0	6.0
1100.0	9.0
1101.0	4.0
1102.0	4.0
1103.0	4.0
1104.0	5.0
1105.0	5.0
1106.0	5.0
1107.0	2.0
1108.0	5.0
1109.0	4.0
1110.0	6.0
1112.0	5.0
1113.0	5.0
1114.0	4.0
1115.0	3.0
1116.0	7.0
1117.0	3.0
1118.0	7.0
1119.0	4.0
1120.0	1.0
1121.0	8.0
1122.0	4.0
1123.0	2.0
1124.0	3.0
1125.0	3.0
1126.0	5.0
1127.0	5.0
1128.0	2.0
1129.0	5.0
1130.0	3.0
1131.0	3.0
1132.0	6.0
1133.0	7.0
1134.0	4.0
1135.0	5.0
1136.0	5.0
1137.0	3.0
1138.0	5.0
1139.0	4.0
1140.0	2.0
1141.0	5.0
1142.0	5.0
1143.0	3.0
1144.0	1.0
1145.0	3.0
1146.0	2.0
1147.0	3.0
1148.0	3.0
1149.0	3.0
1150.0	3.0
1151.0	5.0
1152.0	2.0
1153.0	4.0
1154.0	3.0
1155.0	4.0
1156.0	3.0
1157.0	4.0
1159.0	5.0
1160.0	5.0
1161.0	1.0
1162.0	2.0
1163.0	4.0
1164.0	5.0
1166.0	4.0
1167.0	4.0
1168.0	3.0
1169.0	4.0
1170.0	3.0
1171.0	3.0
1172.0	2.0
1173.0	4.0
1174.0	5.0
1175.0	8.0
1176.0	1.0
1177.0	3.0
1178.0	5.0
1179.0	2.0
1180.0	6.0
1181.0	4.0
1182.0	1.0
1183.0	9.0
1184.0	3.0
1185.0	3.0
1186.0	2.0
1187.0	1.0
1188.0	8.0
1189.0	4.0
1190.0	5.0
1191.0	6.0
1192.0	3.0
1193.0	3.0
1194.0	9.0
1195.0	4.0
1196.0	4.0
1197.0	2.0
1198.0	5.0
1199.0	8.0
1200.0	6.0
1201.0	5.0
1202.0	9.0
1203.0	4.0
1204.0	3.0
1205.0	1.0
1206.0	6.0
1207.0	4.0
1208.0	2.0
1209.0	8.0
1210.0	3.0
1211.0	4.0
1212.0	3.0
1213.0	7.0
1214.0	2.0
1215.0	7.0
1216.0	9.0
1217.0	7.0
1218.0	3.0
1219.0	8.0
1220.0	5.0
1221.0	7.0
1222.0	3.0
1223.0	4.0
1224.0	4.0
1225.0	3.0
1226.0	6.0
1227.0	9.0
1228.0	6.0
1229.0	8.0
1230.0	5.0
1231.0	10.0
1232.0	7.0
1233.0	3.0
1234.0	7.0
1235.0	1.0
1236.0	5.0
1237.0	2.0
1238.0	8.0
1239.0	5.0
1240.0	9.0
1241.0	3.0
1242.0	5.0
1243.0	4.0
1244.0	9.0
1245.0	6.0
1246.0	10.0
1247.0	5.0
1248.0	7.0
1249.0	6.0
1250.0	7.0
1251.0	3.0
1252.0	1.0
1253.0	6.0
1254.0	5.0
1255.0	8.0
1256.0	3.0
1257.0	7.0
1258.0	5.0
1259.0	4.0
1260.0	7.0
1261.0	5.0
1262.0	8.0
1263.0	8.0
1264.0	6.0
1265.0	7.0
1266.0	3.0
1267.0	4.0
1268.0	9.0
1269.0	6.0
1270.0	3.0
1271.0	8.0
1272.0	5.0
1273.0	5.0
1274.0	6.0
1275.0	5.0
1276.0	2.0
1277.0	7.0
1278.0	3.0
1279.0	2.0
1280.0	5.0
1281.0	6.0
1282.0	5.0
1283.0	7.0
1284.0	5.0
1285.0	1.0
1286.0	4.0
1287.0	6.0
1288.0	6.0
1289.0	2.0
1290.0	5.0
1291.0	5.0
1292.0	3.0
1293.0	7.0
1294.0	8.0
1295.0	5.0
1296.0	4.0
1297.0	4.0
1298.0	2.0
1299.0	8.0
1300.0	4.0
1301.0	4.0
1302.0	4.0
1303.0	2.0
1304.0	1.0
1305.0	3.0
1306.0	5.0
1307.0	3.0
1308.0	2.0
1309.0	6.0
1310.0	3.0
1311.0	2.0
1312.0	1.0
1313.0	2.0
1314.0	4.0
1315.0	3.0
1316.0	4.0
1317.0	2.0
1318.0	1.0
1319.0	3.0
1320.0	5.0
1321.0	2.0
1322.0	8.0
1323.0	3.0
1324.0	5.0
1325.0	2.0
1326.0	2.0
1327.0	3.0
1328.0	6.0
1329.0	4.0
1331.0	3.0
1332.0	5.0
1333.0	3.0
1334.0	1.0
1335.0	2.0
1336.0	3.0
1337.0	6.0
1338.0	1.0
1339.0	5.0
1340.0	9.0
1341.0	5.0
1342.0	6.0
1343.0	4.0
1344.0	6.0
1345.0	2.0
1346.0	2.0
1348.0	3.0
1349.0	2.0
1350.0	1.0
1351.0	2.0
1352.0	3.0
1353.0	2.0
1354.0	2.0
1355.0	2.0
1356.0	3.0
1357.0	4.0
1358.0	1.0
1359.0	1.0
1360.0	2.0
1361.0	2.0
1363.0	2.0
1364.0	3.0
1366.0	1.0
1367.0	2.0
1368.0	4.0
1369.0	1.0
1371.0	3.0
1373.0	3.0
1374.0	4.0
1375.0	1.0
1376.0	1.0
1377.0	1.0
1378.0	1.0
1379.0	2.0
1382.0	4.0
1383.0	1.0
1386.0	3.0
1388.0	2.0
1389.0	3.0
1390.0	1.0
1391.0	2.0
1392.0	2.0
1393.0	2.0
1394.0	1.0
1395.0	2.0
1396.0	3.0
1398.0	4.0
1400.0	1.0
1402.0	1.0
1403.0	1.0
1404.0	3.0
1405.0	3.0
1406.0	2.0
1407.0	1.0
1408.0	1.0
1409.0	2.0
1410.0	3.0
1411.0	2.0
1412.0	4.0
1413.0	2.0
1414.0	3.0
1415.0	2.0
1416.0	2.0
1417.0	2.0
1418.0	2.0
1419.0	3.0
1420.0	1.0
1421.0	1.0
1422.0	1.0
1423.0	3.0
1424.0	2.0
1425.0	2.0
1426.0	1.0
1428.0	1.0
1429.0	2.0
1430.0	1.0
1431.0	1.0
1432.0	1.0
1433.0	3.0
1434.0	3.0
1435.0	2.0
1436.0	2.0
1437.0	2.0
1438.0	1.0
1439.0	2.0
1440.0	5.0
1441.0	2.0
1442.0	1.0
1443.0	1.0
1444.0	1.0
1445.0	1.0
1446.0	1.0
1448.0	1.0
1449.0	2.0
1451.0	3.0
1452.0	3.0
1453.0	1.0
1454.0	1.0
1455.0	1.0
1456.0	1.0
1457.0	3.0
1458.0	1.0
1459.0	4.0
1460.0	2.0
1461.0	1.0
1462.0	1.0
1463.0	1.0
1464.0	1.0
1465.0	1.0
1466.0	4.0
1467.0	1.0
1468.0	3.0
1469.0	3.0
1470.0	1.0
1471.0	3.0
1472.0	2.0
1473.0	1.0
1474.0	2.0
1475.0	3.0
1477.0	4.0
1478.0	2.0
1479.0	3.0
1480.0	1.0
1481.0	1.0
1482.0	3.0
1483.0	2.0
1484.0	1.0
1486.0	2.0
1487.0	4.0
1489.0	1.0
1490.0	2.0
1492.0	1.0
1493.0	1.0
1494.0	1.0
1495.0	2.0
1496.0	2.0
1497.0	1.0
1498.0	1.0
1499.0	3.0
1500.0	3.0
1502.0	1.0
1503.0	3.0
1504.0	3.0
1505.0	4.0
1506.0	3.0
1507.0	2.0
1508.0	1.0
1509.0	2.0
1510.0	1.0
1511.0	1.0
1512.0	2.0
1513.0	3.0
1514.0	3.0
1516.0	5.0
1517.0	1.0
1519.0	4.0
1520.0	1.0
1521.0	3.0
1522.0	2.0
1523.0	2.0
1526.0	2.0
1527.0	1.0
1528.0	1.0
1529.0	1.0
1530.0	1.0
1531.0	2.0
1532.0	3.0
1533.0	2.0
1535.0	2.0
1536.0	1.0
1538.0	3.0
1539.0	2.0
1540.0	2.0
1541.0	2.0
1543.0	2.0
1544.0	4.0
1546.0	3.0
1547.0	3.0
1548.0	1.0
1549.0	5.0
1550.0	2.0
1551.0	3.0
1553.0	1.0
1554.0	4.0
1555.0	3.0
1556.0	2.0
1557.0	2.0
1558.0	1.0
1559.0	2.0
1560.0	3.0
1561.0	1.0
1562.0	1.0
1563.0	2.0
1564.0	4.0
1565.0	2.0
1566.0	1.0
1567.0	1.0
1568.0	1.0
1569.0	2.0
1571.0	3.0
1572.0	2.0
1573.0	1.0
1574.0	2.0
1575.0	1.0
1576.0	1.0
1577.0	6.0
1578.0	4.0
1579.0	2.0
1580.0	3.0
1581.0	1.0
1584.0	2.0
1586.0	1.0
1587.0	1.0
1588.0	2.0
1589.0	2.0
1590.0	2.0
1591.0	4.0
1592.0	2.0
1593.0	4.0
1594.0	4.0
1595.0	2.0
1596.0	4.0
1597.0	5.0
1598.0	5.0
1599.0	1.0
1600.0	1.0
1601.0	3.0
1602.0	2.0
1603.0	5.0
1605.0	3.0
1606.0	3.0
1608.0	3.0
1609.0	3.0
1610.0	5.0
1611.0	2.0
1612.0	3.0
1613.0	2.0
1615.0	3.0
1616.0	2.0
1617.0	2.0
1618.0	1.0
1619.0	2.0
1621.0	2.0
1622.0	5.0
1623.0	4.0
1625.0	3.0
1626.0	1.0
1627.0	3.0
1628.0	2.0
1629.0	2.0
1630.0	1.0
1631.0	2.0
1632.0	5.0
1633.0	2.0
1634.0	4.0
1635.0	1.0
1636.0	2.0
1637.0	5.0
1638.0	4.0
1639.0	5.0
1640.0	3.0
1641.0	1.0
1642.0	1.0
1643.0	3.0
1644.0	4.0
1645.0	4.0
1646.0	1.0
1647.0	3.0
1648.0	1.0
1649.0	2.0
1650.0	3.0
1651.0	2.0
1652.0	2.0
1653.0	6.0
1654.0	3.0
1655.0	3.0
1656.0	3.0
1657.0	1.0
1658.0	3.0
1660.0	2.0
1661.0	3.0
1662.0	3.0
1663.0	5.0
1664.0	2.0
1665.0	2.0
1666.0	1.0
1667.0	3.0
1668.0	2.0
1669.0	6.0
1670.0	3.0
1671.0	4.0
1672.0	6.0
1673.0	3.0
1674.0	4.0
1675.0	8.0
1676.0	5.0
1677.0	2.0
1678.0	3.0
1679.0	4.0
1680.0	3.0
1681.0	3.0
1682.0	1.0
1683.0	1.0
1684.0	2.0
1685.0	1.0
1686.0	4.0
1687.0	1.0
1688.0	1.0
1689.0	5.0
1690.0	2.0
1691.0	3.0
1692.0	2.0
1693.0	1.0
1695.0	1.0
1696.0	3.0
1697.0	1.0
1698.0	1.0
1700.0	3.0
1701.0	3.0
1702.0	2.0
1703.0	3.0
1704.0	3.0
1705.0	4.0
1706.0	2.0
1707.0	3.0
1708.0	2.0
1709.0	2.0
1710.0	2.0
1712.0	7.0
1713.0	2.0
1715.0	4.0
1716.0	4.0
1717.0	4.0
1718.0	1.0
1719.0	3.0
1720.0	4.0
1721.0	5.0
1722.0	3.0
1723.0	1.0
1724.0	1.0
1725.0	4.0
1726.0	4.0
1727.0	5.0
1729.0	4.0
1730.0	3.0
1732.0	2.0
1733.0	5.0
1734.0	3.0
1735.0	1.0
1737.0	4.0
1738.0	4.0
1739.0	1.0
1740.0	3.0
1741.0	7.0
1742.0	8.0
1743.0	6.0
1744.0	5.0
1745.0	5.0
1746.0	5.0
1747.0	6.0
1748.0	3.0
1749.0	3.0
1750.0	6.0
1751.0	4.0
1752.0	4.0
1753.0	10.0
1754.0	1.0
1755.0	3.0
1756.0	4.0
1757.0	3.0
1758.0	2.0
1759.0	7.0
1760.0	6.0
1761.0	3.0
1762.0	7.0
1763.0	3.0
1764.0	6.0
1765.0	4.0
1766.0	3.0
1767.0	3.0
1768.0	2.0
1769.0	3.0
1770.0	2.0
1771.0	5.0
1772.0	4.0
1773.0	3.0
1774.0	4.0
1775.0	2.0
1776.0	4.0
1777.0	3.0
1778.0	1.0
1779.0	5.0
1780.0	4.0
1781.0	3.0
1782.0	4.0
1783.0	3.0
1784.0	3.0
1785.0	4.0
1786.0	2.0
1787.0	2.0
1788.0	2.0
1789.0	2.0
1790.0	1.0
1791.0	1.0
1792.0	2.0
1793.0	5.0
1794.0	3.0
1795.0	1.0
1796.0	2.0
1797.0	2.0
1799.0	3.0
1800.0	2.0
1801.0	1.0
1802.0	1.0
1804.0	3.0
1805.0	3.0
1806.0	2.0
1807.0	3.0
1810.0	1.0
1812.0	2.0
1813.0	3.0
1814.0	1.0
1815.0	3.0
1816.0	1.0
1817.0	1.0
1818.0	1.0
1819.0	1.0
1821.0	3.0
1822.0	2.0
1823.0	2.0
1824.0	2.0
1826.0	3.0
1827.0	1.0
1828.0	2.0
1829.0	2.0
1830.0	1.0
1832.0	1.0
1833.0	4.0
1834.0	1.0
1835.0	1.0
1836.0	2.0
1837.0	2.0
1838.0	4.0
1839.0	4.0
1840.0	1.0
1841.0	1.0
1842.0	2.0
1843.0	3.0
1844.0	3.0
1845.0	2.0
1846.0	1.0
1847.0	2.0
1849.0	2.0
1850.0	1.0
1851.0	1.0
1853.0	4.0
1854.0	2.0
1855.0	2.0
1856.0	1.0
1857.0	2.0
1858.0	3.0
1859.0	3.0
1860.0	1.0
1861.0	2.0
1863.0	3.0
1864.0	1.0
1865.0	2.0
1866.0	5.0
1867.0	4.0
1868.0	2.0
1869.0	2.0
1870.0	1.0
1871.0	1.0
1872.0	5.0
1873.0	3.0
1874.0	5.0
1875.0	2.0
1876.0	5.0
1877.0	3.0
1878.0	3.0
1879.0	2.0
1880.0	4.0
1881.0	6.0
1882.0	4.0
1883.0	3.0
1884.0	6.0
1885.0	3.0
1886.0	2.0
1887.0	4.0
1888.0	1.0
1889.0	3.0
1890.0	3.0
1891.0	4.0
1892.0	2.0
1893.0	5.0
1894.0	6.0
1895.0	1.0
1896.0	2.0
1897.0	3.0
1898.0	2.0
1899.0	3.0
1900.0	1.0
1901.0	4.0
1903.0	1.0
1904.0	1.0
1905.0	3.0
1907.0	3.0
1908.0	1.0
1909.0	1.0
1910.0	2.0
1912.0	3.0
1914.0	3.0
1916.0	2.0
1918.0	1.0
1920.0	1.0
1921.0	2.0
1922.0	1.0
1923.0	3.0
1924.0	1.0
1925.0	2.0
1926.0	1.0
1927.0	1.0
1928.0	2.0
1929.0	5.0
1932.0	4.0
1933.0	4.0
1934.0	2.0
1935.0	1.0
1936.0	1.0
1937.0	2.0
1938.0	1.0
1939.0	3.0
1940.0	4.0
1942.0	5.0
1943.0	1.0
1944.0	3.0
1945.0	4.0
1946.0	1.0
1947.0	1.0
1949.0	1.0
1950.0	4.0
1951.0	5.0
1952.0	1.0
1953.0	2.0
1954.0	2.0
1955.0	7.0
1956.0	3.0
1957.0	5.0
1958.0	2.0
1960.0	2.0
1962.0	1.0
1963.0	3.0
1965.0	1.0
1966.0	3.0
1967.0	1.0
1968.0	2.0
1969.0	5.0
1971.0	5.0
1972.0	2.0
1973.0	2.0
1974.0	1.0
1975.0	3.0
1976.0	1.0
1977.0	1.0
1978.0	4.0
1979.0	1.0
1980.0	1.0
1981.0	3.0
1982.0	1.0
1983.0	2.0
1984.0	2.0
1985.0	1.0
1986.0	4.0
1987.0	2.0
1988.0	2.0
1989.0	3.0
1990.0	4.0
1991.0	1.0
1992.0	1.0
1993.0	2.0
1994.0	2.0
1995.0	2.0
1996.0	1.0
1997.0	2.0
1998.0	2.0
2000.0	3.0
2001.0	1.0
2004.0	3.0
2005.0	3.0
2006.0	1.0
2007.0	5.0
2008.0	4.0
2010.0	2.0
2011.0	4.0
2012.0	5.0
2014.0	1.0
2015.0	2.0
2016.0	1.0
2017.0	3.0
2018.0	2.0
2019.0	1.0
2022.0	4.0
2024.0	3.0
2025.0	2.0
2026.0	2.0
2027.0	2.0
2028.0	3.0
2029.0	1.0
2030.0	2.0
2031.0	5.0
2032.0	3.0
2033.0	2.0
2034.0	1.0
2035.0	3.0
2036.0	5.0
2037.0	4.0
2038.0	1.0
2039.0	4.0
2041.0	4.0
2042.0	4.0
2043.0	1.0
2044.0	2.0
2045.0	1.0
2047.0	2.0
2048.0	4.0
2049.0	2.0
2051.0	2.0
2052.0	5.0
2053.0	2.0
2054.0	5.0
2055.0	2.0
2056.0	4.0
2057.0	2.0
2058.0	1.0
2059.0	4.0
2060.0	2.0
2061.0	4.0
2062.0	3.0
2063.0	4.0
2064.0	5.0
2065.0	3.0
2066.0	2.0
2067.0	2.0
2068.0	3.0
2069.0	4.0
2071.0	6.0
2072.0	2.0
2073.0	2.0
2074.0	3.0
2075.0	1.0
2076.0	3.0
2078.0	3.0
2079.0	4.0
2080.0	4.0
2081.0	2.0
2083.0	1.0
2084.0	2.0
2085.0	7.0
2086.0	2.0
2087.0	4.0
2088.0	2.0
2089.0	3.0
2090.0	2.0
2091.0	2.0
2093.0	4.0
2094.0	7.0
2095.0	1.0
2096.0	2.0
2097.0	6.0
2098.0	3.0
2099.0	3.0
2100.0	4.0
2101.0	4.0
2102.0	2.0
2103.0	8.0
2104.0	2.0
2105.0	5.0
2107.0	1.0
2108.0	5.0
2109.0	2.0
2110.0	1.0
2111.0	4.0
2112.0	4.0
2113.0	1.0
2114.0	4.0
2115.0	3.0
2116.0	2.0
2117.0	2.0
2118.0	1.0
2119.0	6.0
2120.0	2.0
2121.0	5.0
2122.0	5.0
2123.0	2.0
2124.0	2.0
2125.0	3.0
2126.0	4.0
2127.0	1.0
2129.0	1.0
2130.0	3.0
2131.0	1.0
2133.0	3.0
2134.0	1.0
2135.0	6.0
2136.0	3.0
2137.0	3.0
2138.0	5.0
2139.0	4.0
2140.0	2.0
2141.0	2.0
2142.0	5.0
2143.0	2.0
2144.0	2.0
2145.0	4.0
2146.0	2.0
2147.0	1.0
2148.0	4.0
2151.0	3.0
2152.0	1.0
2153.0	1.0
2155.0	6.0
2157.0	4.0
2158.0	3.0
2159.0	1.0
2160.0	2.0
2161.0	5.0
2164.0	3.0
2165.0	1.0
2167.0	2.0
2168.0	1.0
2169.0	1.0
2171.0	2.0
2173.0	3.0
2174.0	3.0
2175.0	1.0
2176.0	3.0
2177.0	2.0
2178.0	4.0
2179.0	1.0
2180.0	2.0
2181.0	2.0
2182.0	2.0
2183.0	2.0
2184.0	3.0
2185.0	4.0
2186.0	2.0
2187.0	2.0
2188.0	2.0
2189.0	4.0
2190.0	4.0
2191.0	6.0
2192.0	2.0
2193.0	3.0
2194.0	7.0
2195.0	4.0
2196.0	5.0
2197.0	1.0
2198.0	3.0
2199.0	3.0
2200.0	5.0
2203.0	1.0
2204.0	2.0
2205.0	1.0
2206.0	1.0
2207.0	4.0
2208.0	2.0
2209.0	2.0
2210.0	2.0
2212.0	1.0
2213.0	5.0
2214.0	1.0
2215.0	1.0
2216.0	1.0
2217.0	1.0
2218.0	4.0
2219.0	2.0
2223.0	1.0
2224.0	2.0
2225.0	1.0
2226.0	1.0
2227.0	2.0
2228.0	1.0
2230.0	4.0
2231.0	1.0
2232.0	2.0
2233.0	1.0
2234.0	3.0
2235.0	2.0
2236.0	1.0
2237.0	2.0
2239.0	2.0
2240.0	2.0
2243.0	2.0
2245.0	1.0
2246.0	2.0
2247.0	2.0
2249.0	1.0
2250.0	3.0
2251.0	1.0
2252.0	3.0
2254.0	1.0
2256.0	4.0
2257.0	2.0
2258.0	2.0
2260.0	2.0
2262.0	1.0
2263.0	2.0
2264.0	4.0
2265.0	2.0
2266.0	2.0
2267.0	2.0
2268.0	1.0
2269.0	2.0
2270.0	1.0
2271.0	2.0
2272.0	3.0
2273.0	1.0
2274.0	1.0
2275.0	1.0
2276.0	2.0
2277.0	1.0
2278.0	4.0
2280.0	1.0
2281.0	1.0
2282.0	4.0
2283.0	3.0
2284.0	3.0
2285.0	4.0
2286.0	3.0
2287.0	1.0
2289.0	2.0
2291.0	1.0
2292.0	1.0
2294.0	2.0
2297.0	1.0
2299.0	2.0
2300.0	4.0
2303.0	3.0
2304.0	3.0
2305.0	1.0
2306.0	3.0
2307.0	1.0
2308.0	2.0
2309.0	1.0
2310.0	2.0
2312.0	3.0
2313.0	2.0
2315.0	2.0
2317.0	1.0
2318.0	2.0
2319.0	2.0
2320.0	1.0
2321.0	1.0
2322.0	4.0
2325.0	2.0
2327.0	1.0
2328.0	1.0
2329.0	1.0
2330.0	1.0
2331.0	2.0
2333.0	1.0
2334.0	3.0
2335.0	2.0
2336.0	1.0
2337.0	1.0
2338.0	3.0
2340.0	1.0
2341.0	3.0
2342.0	1.0
2343.0	2.0
2344.0	2.0
2345.0	1.0
2346.0	5.0
2348.0	2.0
2349.0	2.0
2350.0	3.0
2351.0	1.0
2352.0	3.0
2353.0	2.0
2355.0	2.0
2356.0	1.0
2358.0	4.0
2359.0	2.0
2360.0	3.0
2362.0	2.0
2364.0	1.0
2366.0	1.0
2367.0	4.0
2368.0	5.0
2369.0	4.0
2370.0	1.0
2371.0	1.0
2372.0	2.0
2373.0	1.0
2374.0	1.0
2376.0	1.0
2377.0	1.0
2381.0	1.0
2382.0	2.0
2387.0	2.0
2388.0	1.0
2389.0	2.0
2390.0	1.0
2392.0	1.0
2393.0	1.0
2394.0	1.0
2395.0	2.0
2397.0	2.0
2402.0	2.0
2403.0	1.0
2406.0	1.0
2407.0	1.0
2410.0	1.0
2411.0	1.0
2412.0	1.0
2418.0	3.0
2423.0	1.0
2424.0	1.0
2425.0	2.0
2426.0	2.0
2428.0	2.0
2429.0	1.0
2430.0	1.0
2435.0	1.0
2437.0	1.0
2438.0	2.0
2439.0	1.0
2440.0	3.0
2442.0	1.0
2444.0	2.0
2445.0	1.0
2447.0	3.0
2448.0	1.0
2449.0	1.0
2451.0	1.0
2453.0	1.0
2455.0	2.0
2456.0	1.0
2457.0	1.0
2459.0	1.0
2460.0	1.0
2462.0	1.0
2464.0	1.0
2466.0	1.0
2472.0	1.0
2475.0	1.0
2476.0	1.0
2477.0	1.0
2478.0	1.0
2479.0	1.0
2480.0	1.0
2481.0	1.0
2482.0	1.0
2483.0	2.0
2486.0	1.0
2489.0	1.0
2492.0	1.0
2494.0	1.0
2496.0	1.0
2497.0	2.0
2498.0	1.0
2500.0	2.0
2501.0	2.0
2502.0	2.0
2504.0	1.0
2507.0	2.0
2509.0	1.0
2514.0	1.0
2515.0	3.0
2517.0	1.0
2519.0	2.0
2520.0	1.0
2524.0	1.0
2525.0	2.0
2526.0	2.0
2528.0	3.0
2530.0	1.0
2531.0	2.0
2534.0	1.0
2535.0	1.0
2539.0	4.0
2540.0	2.0
2541.0	1.0
2542.0	2.0
2545.0	1.0
2546.0	2.0
2548.0	2.0
2549.0	1.0
2551.0	1.0
2556.0	1.0
2558.0	1.0
2562.0	1.0
2563.0	1.0
2564.0	2.0
2565.0	1.0
2570.0	2.0
2571.0	3.0
2572.0	1.0
2573.0	1.0
2574.0	1.0
2577.0	1.0
2578.0	4.0
2579.0	1.0
2583.0	1.0
2584.0	1.0
2585.0	1.0
2586.0	1.0
2587.0	1.0
2589.0	1.0
2592.0	2.0
2593.0	5.0
2597.0	2.0
2606.0	2.0
2608.0	1.0
2610.0	1.0
2613.0	1.0
2617.0	1.0
2618.0	1.0
2620.0	3.0
2621.0	1.0
2626.0	3.0
2627.0	1.0
2632.0	1.0
2633.0	1.0
2634.0	2.0
2637.0	2.0
2638.0	1.0
2639.0	1.0
2642.0	1.0
2644.0	1.0
2646.0	1.0
2649.0	1.0
2652.0	3.0
2653.0	1.0
2658.0	2.0
2661.0	1.0
2662.0	3.0
2663.0	1.0
2667.0	1.0
2669.0	1.0
2671.0	2.0
2672.0	1.0
2673.0	2.0
2675.0	1.0
2677.0	1.0
2678.0	1.0
2681.0	1.0
2682.0	2.0
2683.0	2.0
2684.0	1.0
2687.0	2.0
2689.0	2.0
2691.0	1.0
2696.0	3.0
2701.0	1.0
2703.0	1.0
2704.0	1.0
2705.0	2.0
2707.0	2.0
2708.0	1.0
2709.0	2.0
2712.0	2.0
2716.0	1.0
2717.0	1.0
2718.0	1.0
2719.0	2.0
2721.0	1.0
2722.0	1.0
2723.0	2.0
2724.0	1.0
2727.0	1.0
2728.0	1.0
2729.0	1.0
2731.0	1.0
2733.0	2.0
2734.0	2.0
2738.0	1.0
2739.0	1.0
2740.0	3.0
2741.0	1.0
2744.0	1.0
2745.0	2.0
2749.0	1.0
2755.0	1.0
2757.0	1.0
2758.0	2.0
2759.0	1.0
2761.0	2.0
2765.0	1.0
2766.0	1.0
2767.0	1.0
2768.0	1.0
2769.0	1.0
2770.0	1.0
2771.0	1.0
2772.0	2.0
2773.0	2.0
2774.0	1.0
2775.0	1.0
2777.0	2.0
2779.0	3.0
2781.0	1.0
2787.0	1.0
2788.0	1.0
2789.0	1.0
2792.0	1.0
2793.0	1.0
2797.0	1.0
2798.0	1.0
2799.0	3.0
2803.0	1.0
2804.0	1.0
2809.0	2.0
2810.0	1.0
2811.0	1.0
2813.0	3.0
2816.0	1.0
2817.0	1.0
2818.0	1.0
2820.0	2.0
2821.0	1.0
2823.0	1.0
2824.0	2.0
2825.0	1.0
2826.0	1.0
2827.0	2.0
2828.0	2.0
2831.0	2.0
2832.0	1.0
2833.0	2.0
2834.0	1.0
2835.0	2.0
2836.0	1.0
2838.0	1.0
2840.0	2.0
2841.0	3.0
2842.0	2.0
2844.0	1.0
2845.0	2.0
2847.0	1.0
2849.0	3.0
2855.0	2.0
2856.0	2.0
2858.0	1.0
2859.0	2.0
2860.0	2.0
2861.0	1.0
2862.0	1.0
2863.0	1.0
2864.0	1.0
2865.0	1.0
2866.0	2.0
2867.0	2.0
2870.0	2.0
2872.0	1.0
2873.0	3.0
2874.0	2.0
2880.0	2.0
2881.0	5.0
2883.0	3.0
2884.0	2.0
2885.0	3.0
2886.0	1.0
2887.0	3.0
2888.0	1.0
2889.0	1.0
2890.0	2.0
2892.0	1.0
2894.0	4.0
2895.0	1.0
2896.0	2.0
2897.0	1.0
2898.0	1.0
2900.0	1.0
2904.0	2.0
2905.0	2.0
2906.0	1.0
2908.0	1.0
2909.0	1.0
2910.0	1.0
2911.0	1.0
2912.0	1.0
2914.0	1.0
2916.0	1.0
2918.0	1.0
2920.0	2.0
2922.0	2.0
2926.0	3.0
2928.0	1.0
2929.0	2.0
2930.0	1.0
2931.0	1.0
2936.0	2.0
2937.0	1.0
2938.0	2.0
2941.0	1.0
2942.0	1.0
2943.0	1.0
2944.0	2.0
2948.0	1.0
2949.0	1.0
2952.0	1.0
2954.0	1.0
2955.0	1.0
2956.0	1.0
2957.0	1.0
2958.0	1.0
2959.0	1.0
2962.0	1.0
2964.0	1.0
2965.0	1.0
2967.0	2.0
2969.0	2.0
2970.0	1.0
2973.0	2.0
2974.0	1.0
2976.0	1.0
2977.0	1.0
2978.0	1.0
2981.0	2.0
2983.0	2.0
2984.0	1.0
2985.0	1.0
2987.0	1.0
2988.0	2.0
2989.0	1.0
2990.0	1.0
2991.0	3.0
2993.0	2.0
2994.0	2.0
2995.0	1.0
2996.0	2.0
2998.0	3.0
3000.0	2.0
3001.0	1.0
3002.0	2.0
3003.0	1.0
3006.0	1.0
3007.0	1.0
3008.0	1.0
3010.0	1.0
3012.0	2.0
3013.0	3.0
3014.0	1.0
3015.0	2.0
3019.0	1.0
3020.0	2.0
3021.0	1.0
3022.0	3.0
3023.0	1.0
3024.0	2.0
3025.0	1.0
3026.0	3.0
3027.0	1.0
3028.0	1.0
3029.0	1.0
3030.0	4.0
3031.0	3.0
3032.0	2.0
3035.0	1.0
3036.0	1.0
3037.0	3.0
3039.0	2.0
3040.0	1.0
3044.0	2.0
3045.0	1.0
3046.0	2.0
3049.0	2.0
3050.0	4.0
3051.0	2.0
3053.0	1.0
3059.0	1.0
3062.0	1.0
3063.0	1.0
3064.0	1.0
3065.0	2.0
3070.0	2.0
3072.0	1.0
3074.0	1.0
3075.0	1.0
3076.0	1.0
3078.0	1.0
3079.0	1.0
3081.0	3.0
3082.0	2.0
3083.0	1.0
3084.0	1.0
3086.0	1.0
3088.0	1.0
3089.0	1.0
3092.0	1.0
3093.0	1.0
3094.0	1.0
3095.0	1.0
3097.0	1.0
3104.0	2.0
3105.0	1.0
3108.0	1.0
3109.0	1.0
3112.0	1.0
3115.0	1.0
3119.0	1.0
3123.0	1.0
3124.0	1.0
3125.0	2.0
3127.0	1.0
3139.0	1.0
3140.0	2.0
3142.0	1.0
3149.0	2.0
3151.0	1.0
3156.0	1.0
3158.0	1.0
3159.0	3.0
3162.0	1.0
3163.0	1.0
3169.0	1.0
3170.0	1.0
3173.0	1.0
3180.0	2.0
3183.0	1.0
3185.0	2.0
3191.0	2.0
3193.0	1.0
3194.0	2.0
3196.0	1.0
3197.0	2.0
3198.0	1.0
3199.0	1.0
3201.0	2.0
3204.0	2.0
3205.0	4.0
3206.0	1.0
3207.0	1.0
3208.0	1.0
3218.0	2.0
3227.0	1.0
3232.0	1.0
3240.0	1.0
3245.0	1.0
3259.0	1.0
3263.0	1.0
3264.0	1.0
3265.0	1.0
3266.0	1.0
3269.0	1.0
3272.0	1.0
3280.0	1.0
3281.0	1.0
3287.0	1.0
3291.0	2.0
3293.0	1.0
3296.0	1.0
3297.0	1.0
3309.0	1.0
3331.0	1.0
3335.0	1.0
3336.0	2.0
3359.0	1.0
3366.0	1.0
3371.0	1.0
3374.0	1.0
3379.0	1.0
3383.0	1.0
3391.0	1.0
3392.0	1.0
3393.0	2.0
3395.0	1.0
3412.0	2.0
3413.0	1.0
3414.0	1.0
3419.0	1.0
3429.0	1.0
3437.0	1.0
3442.0	1.0
3462.0	1.0
3464.0	1.0
3465.0	1.0
3469.0	1.0
3472.0	1.0
3475.0	1.0
3478.0	1.0
3480.0	1.0
3482.0	1.0
3486.0	2.0
3494.0	1.0
3499.0	1.0
3500.0	1.0
3504.0	1.0
3506.0	1.0
3510.0	1.0
3516.0	1.0
3518.0	1.0
3522.0	1.0
3528.0	1.0
3538.0	1.0
3545.0	1.0
3550.0	1.0
3558.0	2.0
3563.0	1.0
3572.0	1.0
3579.0	1.0
3586.0	1.0
3592.0	1.0
3594.0	1.0
3600.0	1.0
3601.0	1.0
3607.0	1.0
3609.0	1.0
3611.0	1.0
3622.0	2.0
3625.0	2.0
3628.0	1.0
3631.0	1.0
3634.0	1.0
3635.0	1.0
3647.0	1.0
3651.0	1.0
3653.0	1.0
3654.0	1.0
3669.0	1.0
3670.0	2.0
3680.0	1.0
3689.0	1.0
3693.0	1.0
3694.0	1.0
3699.0	1.0
3703.0	2.0
3707.0	1.0
3713.0	1.0
3715.0	2.0
3722.0	1.0
3723.0	1.0
3725.0	1.0
3727.0	1.0
3731.0	2.0
3740.0	1.0
3741.0	1.0
3742.0	1.0
3750.0	1.0
3755.0	1.0
3760.0	1.0
3768.0	1.0
3774.0	1.0
3777.0	1.0
3778.0	1.0
3779.0	1.0
3783.0	1.0
3793.0	1.0
3794.0	1.0
3796.0	1.0
3798.0	1.0
3802.0	1.0
3803.0	1.0
3806.0	1.0
3807.0	2.0
3812.0	1.0
3820.0	1.0
3823.0	2.0
3836.0	1.0
3837.0	1.0
3838.0	1.0
3845.0	1.0
3848.0	1.0
3850.0	2.0
3851.0	1.0
3852.0	1.0
3863.0	1.0
3865.0	1.0
3866.0	1.0
3870.0	2.0
3876.0	1.0
3882.0	1.0
3887.0	1.0
3891.0	1.0
3893.0	1.0
3898.0	1.0
3899.0	1.0
3903.0	2.0
3904.0	1.0
3907.0	1.0
3909.0	1.0
3912.0	1.0
3913.0	2.0
3921.0	2.0
3924.0	1.0
3925.0	1.0
3926.0	1.0
3932.0	1.0
3935.0	1.0
3947.0	1.0
3952.0	1.0
3955.0	2.0
3956.0	1.0
3960.0	1.0
3963.0	1.0
3972.0	1.0
3973.0	1.0
3977.0	2.0
3982.0	1.0
3984.0	1.0
3986.0	2.0
3988.0	1.0
3992.0	2.0
3995.0	1.0
4001.0	1.0
4008.0	1.0
4014.0	2.0
4018.0	1.0
4020.0	1.0
4022.0	1.0
4028.0	2.0
4029.0	2.0
4033.0	1.0
4040.0	1.0
4042.0	1.0
4044.0	2.0
4045.0	1.0
4047.0	1.0
4050.0	1.0
4053.0	2.0
4056.0	1.0
4058.0	1.0
4059.0	1.0
4061.0	1.0
4062.0	1.0
4066.0	3.0
4072.0	1.0
4076.0	1.0
4080.0	3.0
4081.0	1.0
4082.0	2.0
4085.0	1.0
4092.0	1.0
4095.0	1.0
4097.0	1.0
4098.0	1.0
4101.0	1.0
4102.0	1.0
4103.0	1.0
4105.0	1.0
4109.0	1.0
4113.0	1.0
4115.0	1.0
4116.0	1.0
4117.0	1.0
4118.0	1.0
4119.0	1.0
4122.0	2.0
4125.0	1.0
4127.0	2.0
4131.0	1.0
4132.0	1.0
4133.0	1.0
4136.0	1.0
4137.0	1.0
4138.0	1.0
4140.0	2.0
4141.0	1.0
4142.0	2.0
4143.0	1.0
4144.0	1.0
4145.0	1.0
4146.0	1.0
4147.0	1.0
4150.0	2.0
4152.0	1.0
4153.0	1.0
4154.0	1.0
4155.0	2.0
4160.0	1.0
4162.0	1.0
4163.0	1.0
4174.0	2.0
4175.0	1.0
4178.0	1.0
4183.0	1.0
4188.0	1.0
4192.0	2.0
4194.0	1.0
4201.0	1.0
4202.0	1.0
4206.0	1.0
4207.0	1.0
4211.0	1.0
4212.0	1.0
4215.0	2.0
4216.0	1.0
4228.0	1.0
4232.0	1.0
4233.0	1.0
4237.0	1.0
4239.0	1.0
4246.0	1.0
4257.0	1.0
4258.0	1.0
4261.0	2.0
4268.0	1.0
4271.0	1.0
4275.0	2.0
4282.0	2.0
4290.0	1.0
4292.0	1.0
4294.0	1.0
4297.0	1.0
4300.0	1.0
4302.0	1.0
4303.0	1.0
4308.0	1.0
4309.0	1.0
4311.0	2.0
4322.0	1.0
4323.0	1.0
4325.0	1.0
4327.0	1.0
4328.0	1.0
4330.0	1.0
4331.0	1.0
4335.0	1.0
4336.0	1.0
4349.0	1.0
4355.0	1.0
4358.0	1.0
4359.0	1.0
4364.0	1.0
4373.0	1.0
4375.0	1.0
4379.0	1.0
4381.0	2.0
4385.0	1.0
4387.0	1.0
4392.0	1.0
4403.0	1.0
4404.0	1.0
4407.0	1.0
4408.0	2.0
4411.0	4.0
4424.0	1.0
4435.0	1.0
4436.0	2.0
4438.0	2.0
4441.0	1.0
4444.0	1.0
4447.0	1.0
4459.0	1.0
4461.0	1.0
4464.0	1.0
4471.0	1.0
4476.0	1.0
4479.0	1.0
4483.0	1.0
4489.0	3.0
4490.0	1.0
4491.0	2.0
4495.0	1.0
4497.0	1.0
4499.0	1.0
4500.0	1.0
4504.0	1.0
4505.0	1.0
4506.0	1.0
4509.0	1.0
4512.0	2.0
4515.0	1.0
4519.0	1.0
4526.0	1.0
4529.0	2.0
4530.0	1.0
4544.0	1.0
4545.0	1.0
4546.0	3.0
4547.0	1.0
4549.0	1.0
4550.0	1.0
4551.0	1.0
4558.0	2.0
4564.0	2.0
4567.0	1.0
4569.0	1.0
4571.0	1.0
4573.0	1.0
4575.0	1.0
4576.0	1.0
4577.0	1.0
4579.0	1.0
4580.0	2.0
4591.0	1.0
4593.0	1.0
4595.0	1.0
4598.0	1.0
4610.0	2.0
4614.0	2.0
4617.0	2.0
4619.0	1.0
4622.0	1.0
4624.0	2.0
4625.0	2.0
4629.0	1.0
4632.0	1.0
4633.0	1.0
4634.0	1.0
4640.0	3.0
4642.0	1.0
4645.0	2.0
4646.0	2.0
4647.0	1.0
4648.0	2.0
4649.0	1.0
4653.0	1.0
4654.0	1.0
4661.0	1.0
4665.0	2.0
4667.0	2.0
4669.0	1.0
4671.0	1.0
4674.0	1.0
4676.0	1.0
4677.0	2.0
4678.0	1.0
4681.0	1.0
4682.0	1.0
4683.0	2.0
4684.0	1.0
4686.0	1.0
4687.0	1.0
4688.0	2.0
4691.0	1.0
4692.0	1.0
4694.0	4.0
4695.0	1.0
4697.0	2.0
4699.0	1.0
4700.0	1.0
4703.0	1.0
4707.0	1.0
4719.0	1.0
4725.0	2.0
4736.0	1.0
4737.0	2.0
4739.0	1.0
4741.0	2.0
4748.0	1.0
4749.0	1.0
4759.0	1.0
4760.0	1.0
4763.0	3.0
4766.0	1.0
4779.0	1.0
4780.0	1.0
4787.0	1.0
4790.0	1.0
4795.0	1.0
4801.0	1.0
4803.0	1.0
4810.0	1.0
4813.0	1.0
4815.0	1.0
4826.0	1.0
4827.0	1.0
4832.0	1.0
4833.0	1.0
4835.0	1.0
4840.0	1.0
4843.0	2.0
4846.0	1.0
4852.0	1.0
4853.0	1.0
4855.0	1.0
4868.0	2.0
4870.0	1.0
4871.0	1.0
4876.0	2.0
4878.0	1.0
4886.0	1.0
4893.0	1.0
4898.0	1.0
4911.0	1.0
4917.0	1.0
4923.0	1.0
4925.0	1.0
4928.0	1.0
4929.0	1.0
4930.0	1.0
4934.0	1.0
4942.0	1.0
4946.0	1.0
4947.0	1.0
4954.0	1.0
4955.0	1.0
4957.0	1.0
4958.0	1.0
4962.0	1.0
4963.0	1.0
4965.0	1.0
4971.0	2.0
4978.0	1.0
4982.0	1.0
4983.0	1.0
4988.0	1.0
4989.0	1.0
4992.0	1.0
4993.0	1.0
4996.0	2.0
4997.0	1.0
5000.0	1.0
5008.0	1.0
5012.0	1.0
5014.0	1.0
5017.0	1.0
5019.0	1.0
5024.0	1.0
5029.0	1.0
5032.0	2.0
5036.0	1.0
5038.0	1.0
5040.0	1.0
5042.0	2.0
5044.0	1.0
5045.0	1.0
5047.0	1.0
5050.0	1.0
5053.0	3.0
5054.0	1.0
5055.0	1.0
5056.0	1.0
5059.0	2.0
5062.0	1.0
5072.0	1.0
5074.0	1.0
5077.0	1.0
5078.0	1.0
5082.0	1.0
5086.0	1.0
5092.0	1.0
5093.0	1.0
5095.0	1.0
5096.0	1.0
5101.0	1.0
5104.0	1.0
5105.0	2.0
5107.0	1.0
5109.0	3.0
5112.0	1.0
5115.0	1.0
5116.0	1.0
5117.0	1.0
5119.0	1.0
5120.0	1.0
5121.0	1.0
5122.0	1.0
5131.0	1.0
5137.0	1.0
5138.0	1.0
5143.0	1.0
5159.0	1.0
5161.0	1.0
5163.0	1.0
5167.0	1.0
5176.0	1.0
5179.0	1.0
5194.0	1.0
5197.0	2.0
5209.0	1.0
5213.0	1.0
5214.0	1.0
5218.0	1.0
5220.0	1.0
5229.0	1.0
5231.0	1.0
5234.0	1.0
5236.0	1.0
5248.0	2.0
5255.0	1.0
5258.0	1.0
5260.0	2.0
5268.0	1.0
5275.0	1.0
5278.0	1.0
5281.0	1.0
5293.0	1.0
5298.0	1.0
5299.0	1.0
5301.0	1.0
5311.0	1.0
5314.0	1.0
5315.0	2.0
5320.0	2.0
5321.0	1.0
5325.0	1.0
5330.0	1.0
5340.0	1.0
5342.0	1.0
5345.0	1.0
5347.0	2.0
5348.0	1.0
5354.0	1.0
5356.0	1.0
5362.0	1.0
5363.0	1.0
5366.0	1.0
5367.0	1.0
5371.0	1.0
5372.0	1.0
5378.0	1.0
5385.0	1.0
5386.0	1.0
5392.0	2.0
5393.0	2.0
5397.0	1.0
5408.0	1.0
5410.0	1.0
5412.0	1.0
5417.0	1.0
5418.0	1.0
5419.0	1.0
5421.0	1.0
5422.0	2.0
5429.0	2.0
5431.0	1.0
5433.0	1.0
5439.0	1.0
5442.0	1.0
5453.0	1.0
5466.0	1.0
5468.0	1.0
5469.0	1.0
5470.0	1.0
5486.0	1.0
5498.0	1.0
5502.0	1.0
5514.0	1.0
5517.0	1.0
5518.0	1.0
5520.0	1.0
5538.0	1.0
5542.0	1.0
5547.0	1.0
5548.0	1.0
5554.0	1.0
5560.0	1.0
5563.0	2.0
5565.0	1.0
5571.0	1.0
5588.0	1.0
5595.0	1.0
5603.0	1.0
5607.0	1.0
5613.0	1.0
5616.0	1.0
5617.0	1.0
5624.0	1.0
5630.0	2.0
5632.0	1.0
5635.0	1.0
5642.0	1.0
5656.0	1.0
5657.0	1.0
5662.0	1.0
5663.0	1.0
5673.0	1.0
5679.0	1.0
5688.0	3.0
5689.0	1.0
5694.0	1.0
5707.0	1.0
5722.0	1.0
5725.0	1.0
5731.0	1.0
5733.0	1.0
5740.0	1.0
5744.0	1.0
5745.0	2.0
5771.0	1.0
5774.0	1.0
5776.0	1.0
5788.0	1.0
5791.0	1.0
5793.0	1.0
5801.0	2.0
5807.0	1.0
5809.0	1.0
5820.0	1.0
5825.0	1.0
5826.0	1.0
5829.0	1.0
5835.0	1.0
5839.0	1.0
5851.0	1.0
5856.0	1.0
5857.0	1.0
5858.0	1.0
5865.0	1.0
5876.0	1.0
5880.0	2.0
5889.0	1.0
5890.0	1.0
5891.0	2.0
5893.0	1.0
5896.0	1.0
5897.0	1.0
5900.0	1.0
5916.0	1.0
5918.0	1.0
5925.0	1.0
5926.0	1.0
5927.0	1.0
5929.0	1.0
5931.0	1.0
5945.0	2.0
5957.0	2.0
5958.0	2.0
5960.0	1.0
5965.0	1.0
5968.0	2.0
5970.0	1.0
5974.0	1.0
5981.0	1.0
5982.0	1.0
5984.0	2.0
5988.0	1.0
5992.0	1.0
5993.0	3.0
5995.0	1.0
6000.0	1.0
6004.0	4.0
6009.0	1.0
6010.0	2.0
6011.0	1.0
6013.0	1.0
6015.0	1.0
6017.0	1.0
6032.0	1.0
6044.0	1.0
6045.0	1.0
6046.0	1.0
6048.0	1.0
6059.0	1.0
6063.0	2.0
6069.0	1.0
6074.0	1.0
6077.0	1.0
6078.0	2.0
6082.0	2.0
6084.0	1.0
6095.0	1.0
6107.0	2.0
6108.0	1.0
6111.0	1.0
6116.0	1.0
6155.0	1.0
6165.0	1.0
6174.0	1.0
6190.0	1.0
6195.0	1.0
6244.0	1.0
6250.0	1.0
6252.0	1.0
6262.0	1.0
6286.0	1.0
6312.0	1.0
6319.0	1.0
6327.0	1.0
6347.0	1.0
6350.0	1.0
6371.0	1.0
6412.0	1.0
6420.0	1.0
6433.0	1.0
6434.0	1.0
6443.0	1.0
6455.0	1.0
6481.0	1.0
6495.0	1.0
6507.0	1.0
6512.0	1.0
6555.0	1.0
6567.0	1.0
6592.0	1.0
6621.0	1.0
6634.0	1.0
6639.0	1.0
6647.0	1.0
6667.0	1.0
6670.0	1.0
6690.0	1.0
6716.0	1.0
6722.0	1.0
6726.0	1.0
6738.0	1.0
6746.0	1.0
6756.0	1.0
6766.0	1.0
6784.0	1.0
6793.0	1.0
6796.0	1.0
6797.0	1.0
6803.0	1.0
6835.0	1.0
6837.0	1.0
6840.0	1.0
6846.0	1.0
6868.0	2.0
6869.0	1.0
6874.0	1.0
6879.0	1.0
6884.0	1.0
6901.0	1.0
6902.0	1.0
6907.0	1.0
6914.0	1.0
6919.0	1.0
6935.0	1.0
6949.0	1.0
6953.0	1.0
6954.0	1.0
6958.0	1.0
6960.0	1.0
6968.0	1.0
6976.0	1.0
6980.0	1.0
6981.0	1.0
6983.0	1.0
6985.0	1.0
6986.0	1.0
6990.0	1.0
6994.0	1.0
6998.0	1.0
7003.0	1.0
7006.0	1.0
7009.0	2.0
7011.0	2.0
7012.0	1.0
7014.0	1.0
7017.0	1.0
7021.0	2.0
7023.0	1.0
7025.0	1.0
7031.0	1.0
7038.0	1.0
7077.0	1.0
7084.0	1.0
7140.0	1.0
7211.0	1.0
7278.0	1.0
7392.0	1.0
7413.0	1.0
7460.0	1.0
7517.0	1.0
7614.0	1.0
7678.0	1.0
7719.0	1.0
7783.0	1.0
7801.0	1.0
7817.0	1.0
7844.0	1.0
7869.0	1.0
7888.0	1.0
7959.0	1.0
7995.0	1.0
8017.0	1.0
8088.0	1.0
8156.0	1.0
8178.0	1.0
8227.0	1.0
8272.0	1.0
8301.0	1.0
8394.0	1.0
8425.0	1.0
8489.0	1.0
8522.0	1.0
8574.0	1.0
8586.0	1.0
8621.0	1.0
8653.0	1.0
8671.0	1.0
8694.0	1.0
8699.0	1.0
8761.0	1.0
8793.0	1.0
8804.0	1.0
8851.0	1.0
8870.0	1.0
8873.0	1.0
8937.0	1.0
8939.0	1.0
8970.0	1.0
9034.0	1.0
9066.0	1.0
9108.0	1.0
9118.0	1.0
9145.0	1.0
9176.0	1.0
9184.0	1.0
9188.0	1.0
9234.0	1.0
9238.0	1.0
9243.0	1.0
9288.0	1.0
9293.0	1.0
9304.0	1.0
9337.0	2.0
9352.0	1.0
9381.0	1.0
9390.0	1.0
9414.0	1.0
9420.0	1.0
9445.0	1.0
9462.0	1.0
9495.0	1.0
9498.0	1.0
9503.0	1.0
9505.0	1.0
9527.0	1.0
9532.0	1.0
9537.0	1.0
9573.0	1.0
9574.0	1.0
9584.0	1.0
9611.0	1.0
9621.0	1.0
9629.0	1.0
9636.0	1.0
9639.0	1.0
9641.0	1.0
9651.0	2.0
9657.0	1.0
9671.0	1.0
9674.0	1.0
9675.0	1.0
9676.0	2.0
9677.0	1.0
9678.0	1.0
9687.0	1.0
