# Position (bp)	A	C	G	T	N
0.0	36.3605207592171	12.149329761802944	16.625904635043337	34.863805074994254	4.397689423647923E-4
1.0	34.10195845790926	15.527013034751452	15.28917385916354	35.036967887161964	0.04488676101378569
2.0	33.41588857892761	17.591970850294768	14.764195893103999	34.225260570680575	0.0026841069930540772
3.0	34.06277352869993	15.794574525064705	15.449204260845462	34.69085456507458	0.00259312031532343
4.0	33.08569792544309	16.024255228549436	15.205572266775366	35.68329175242161	0.0011828268104984068
5.0	33.33057340410884	15.01409080349122	15.275813981983424	36.373910965289795	0.0056108451267232115
6.0	34.57975983156546	14.806095258198962	14.42126710473719	36.181595457459785	0.011282348038600188
7.0	35.23762384045062	14.152689596522611	14.313341740502356	36.29528331128423	0.0010615112401908778
8.0	35.45159417758052	14.378215241724307	14.021168353862961	36.146990191029566	0.0020320358026511094
9.0	35.48607812844043	14.131489700611368	14.364506582279557	36.01575707284939	0.0021685158192470792
10.0	35.39680503314038	14.806535027141326	13.974431530401985	35.81523759957734	0.0069908097389713535
11.0	35.299782905786934	14.387693020654583	14.32331994616015	35.98815778060443	0.0010463467939024367
12.0	35.655040388986244	14.36709970259488	14.207600056533057	35.76836429609976	0.001895555786055139
13.0	35.36192680667697	14.208616074434383	14.390210318738465	36.03378759948635	0.005459200663838801
14.0	35.4259056055679	14.644745549689947	13.913925389711105	36.01242089466594	0.0030025603651113405
15.0	35.4921590714021	14.05151241088613	14.386131082686873	36.06721003910607	0.002987395918822899
16.0	35.64333343645157	14.315055322932949	14.102464950415294	35.93479409411541	0.004352196084782599
17.0	35.3528281389039	14.141710537409779	14.401841449041697	36.10081445208126	0.0028054225633616058
18.0	35.64354573869961	14.375318832483213	14.038334507061476	35.93635603208312	0.006444889672587472
19.0	35.4764183761547	14.204809798415981	14.283680083562164	36.02509837176308	0.009993370104082694
20.0	35.56846656512553	14.419599015645462	14.221945622721922	35.78348324904934	0.0065055474577412386
21.0	35.8079435009126	13.819526711565558	14.516242031841697	35.85413440430719	0.002153351372958638
22.0	35.70694828863158	14.450458663842442	13.9660152627119	35.87472772236689	0.0018500624471898158
23.0	35.59771878201594	14.10278340378735	14.196787806329397	36.101542345503105	0.0011676623642099657
24.0	35.84405004752537	14.113944436255643	14.064144394644403	35.976860268119545	0.0010008534550371136
25.0	35.731029429337624	13.968790356382685	14.237413357936132	36.060143407135655	0.0026234492079003123
26.0	35.70412770162193	14.409393343293342	13.96621240051365	35.91723366531339	0.0030328892576882227
27.0	35.653857562175745	13.917686172390638	14.353906634323934	36.07350328431578	0.0010463467939024367
28.0	35.766301931404534	14.242645091905642	14.105194550747214	35.882552576651726	0.0033058492908801624
29.0	35.50335043276297	13.964332009173882	14.343867770880989	36.18700916478476	0.0014406223974019056
30.0	35.8065028785152	14.234259153108136	14.037743093656227	35.917612776470605	0.0038820982498409245
31.0	35.611548757030995	14.03615082679594	14.308853064400978	36.04056610697729	0.002881244794803811
32.0	35.81002103005411	14.255049608969589	14.055530989152567	35.86772174818163	0.011676623642099657
33.0	35.72291645057331	13.959722017502196	14.313068780469163	36.001532822230836	0.0027599292244962826
34.0	35.68903907756493	14.394880968195304	14.002061151539525	35.91201709579017	0.002001706910074227
35.0	35.597445821982745	14.109470924600554	14.228254032377913	36.06175083844224	0.0030783825965535463
36.0	35.913776171559626	14.147306218090213	14.152295320919112	35.78345292015677	0.0031693692742841926
37.0	35.65648101138365	13.935064627837193	14.379913659708613	36.02494672730019	0.003593973770360544
38.0	35.66817279947204	14.421297433629768	14.038334507061476	35.866599579156286	0.005595680680434771
39.0	35.554712412341914	13.987351638639737	14.336209725505325	36.11889047205708	0.002835751455938488
40.0	35.74051926797829	14.290603483376316	14.17143390588857	35.7957100776594	0.001733265097423182
41.0	35.59255063780007	13.980412413408535	14.301785785333502	36.12264444461721	0.0026067188406778017
42.0	35.89412128501938	14.165454140526467	13.951578744955578	35.9868892792818	0.001956550216772007
43.0	35.64126178260104	14.00221218559615	14.20946856509403	36.14442135805881	0.0026361086499767272
44.0	35.83498102446819	14.222943636132019	13.9813795919258	35.95610111329984	0.004594634174151387
45.0	35.81052529418153	13.704696197919835	14.220246591022004	36.26237518900254	0.0021567278740902266
46.0	35.74715173135354	14.204411293467222	14.047881027114052	35.99495013840791	0.005605809657281182
47.0	35.6873379285065	13.930671790210447	14.100467607991934	36.28029978427619	0.0012228890149272953
48.0	36.05023816206751	13.93485876839668	13.993167706778346	36.018275306009436	0.003460056748033858
49.0	35.758179670788216	13.827793850553565	14.222177361534186	36.188598618118	0.00325049900603162
50.0	35.95016101808139	14.10816779554188	13.93934707585022	35.99844227848263	0.003881832043884345
51.0	35.83835080078171	13.843960030682165	14.209377186100397	36.1036399680053	0.0046720144304306585
52.0	36.02869436145085	13.897276992422988	14.167269346815829	35.904190926565526	0.0025683727448042913
53.0	35.7737171940485	13.759818615657396	14.225129221119925	36.23694036029201	0.004394608882163742
54.0	36.09812918745024	13.912896316537973	13.911685241206886	36.066295207318795	0.01099404748610645
55.0	35.94721855237811	13.763412794258715	14.181696215085124	36.102029757418315	0.005642680859742813
56.0	36.14921278767264	13.869624578015365	14.033687370498047	35.94272050735937	0.004754756454581887
57.0	35.9811072822002	13.669612988023225	14.329468242210124	36.00896797808756	0.010843509478889428
58.0	36.16159741210608	14.157455068421651	14.010942069855052	35.66832376279014	0.0016816868270773792
59.0	35.87528808583813	13.847325952909095	14.18800494515558	36.088061417611264	0.0013195984859276746
60.0	36.287201764394666	13.830068650760769	14.090122449499939	35.791858160006626	7.489753379950408E-4
61.0	35.88397446350831	13.756442460239185	14.231398461683684	36.12746587965726	7.187349115580719E-4
62.0	36.04935469247043	13.917525113079291	13.947363702956197	36.084956100134725	8.003913593590721E-4
63.0	36.14978531325782	13.635993190089051	14.1416508964479	36.07135133608887	0.001219264116351166
64.0	36.3640003511822	13.754587960689463	14.124213658993723	35.74632810387018	0.010869925264439875
65.0	36.00941197553183	13.739318381135051	14.067393509340262	36.18192618357961	0.0019499504132444502
66.0	36.324076338309254	13.808884815778057	13.794299791222562	36.07013862395543	0.002600430734700826
67.0	36.037555879401836	13.586768767821752	13.991130526058814	36.3829097663612	0.0016350603563913537
68.0	36.12215128067139	13.695982690643769	13.878846512340266	36.299369054106826	0.003650462237752821
69.0	35.91871519112795	13.495488414075634	14.131489424184366	36.44669700786997	0.007609962742077712
70.0	36.144329917069605	13.81831522415849	13.911995733853477	36.11139179770747	0.013967327210961077
71.0	35.89942576377665	13.661023399860667	14.0195800586242	36.41436807472013	0.005602703018354161
72.0	36.387528929159416	13.594445601392529	13.834326780641334	36.178754372936325	0.004944315870402605
73.0	36.186958406008074	13.680163533140256	13.804090067941344	36.322125628883676	0.006662364026647487
74.0	36.40346462184238	13.85429311121857	13.492419083710816	36.227404461374995	0.022418721853237143
75.0	36.265125272104875	13.546585739165758	13.593637378587317	36.552051247049796	0.04260036309225881
76.0	36.36097150214547	13.792255029227551	13.66827587847895	36.176762576043195	0.0017350141048384751
77.0	36.03945614308516	13.739060180456402	13.7140174944362	36.50309364954252	0.004372532479717826
78.0	36.388856652901765	13.851933719268658	13.470597210261703	36.28134064296101	0.00727177460686346
79.0	36.20565410660822	13.914903814949248	13.568740815446859	36.3063409405981	0.004360322397578191
80.0	36.44449767997269	13.920747720427617	13.434754799789001	36.18638692657022	0.013612873240461064
81.0	36.35317286659397	13.711767551596571	13.595598867376232	36.33755439084015	0.0019063235930788416
82.0	36.4429985138778	13.947288757265925	13.36326586166425	36.24475390144794	0.001692965744095321
83.0	36.141848680984964	13.776056272239675	13.425530921067445	36.65473269711632	0.001831428591591088
84.0	36.386785504537436	13.695194975434488	13.546055345203085	36.36984202988889	0.002122144936099016
85.0	36.11049165643793	13.778166875968257	13.595864319900386	36.50744158730003	0.008035560393398079
86.0	36.145727701945496	14.036466613050408	13.324204017699795	36.49207879863937	0.0015228686649298069
87.0	36.219283619456974	13.745095810851382	13.518074046683301	36.51707158207912	4.74940929221928E-4
88.0	36.443975942022824	13.88752258091939	13.404135761800523	36.26375363951289	6.120757443733661E-4
89.0	36.081777288805	13.775842336271943	13.657609536605134	36.483969895454806	8.009428631219321E-4
90.0	36.2953055444523	13.840991161810273	13.457074822262536	36.40527899913565	0.0013494723392334313
91.0	36.14124572010167	13.796203895418085	13.490455287348214	36.57012595007065	0.00196914706138191
92.0	36.20102777540812	13.859725941433727	13.548516550259947	36.38518560221875	0.005544130679451238
93.0	36.29351435299591	13.618131194060105	13.51293175388493	36.56535700188822	0.010065697170833636
94.0	36.48171082998989	13.82922058432889	13.316940984092923	36.36614218048718	0.0059854211011104936
95.0	36.28351957118465	13.690742862083127	13.419966714937212	36.59779972766767	0.007971124127347785
96.0	36.6852846055399	13.550665310638642	13.346602392278891	36.406596231561835	0.010851459980734324
97.0	36.41241572712522	13.616908287861559	13.451321005604319	36.517356602091276	0.001998377317618094
98.0	36.542154288077676	13.818511628522817	13.238453098273883	36.397396626932206	0.003484358193416026
99.0	36.39322237807821	13.544834037829165	13.506827767143822	36.552146577051516	0.0029692398972922455
100.0	36.609287605191156	13.615182056995929	13.416593209280531	36.35476958195305	0.004167546579337304
101.0	36.35396396989445	13.595681653610692	13.450279770916989	36.59515941456564	0.004915191012222149
102.0	36.72247176436651	13.561939399187468	13.24425497193729	36.47038345126378	9.504132449589818E-4
103.0	36.49485038156301	13.547339646133128	13.385655320001918	36.564567152548975	0.007587499752965124
104.0	36.63556822116432	13.726910815206727	13.32050966985259	36.316215122616555	7.961711598143753E-4
105.0	36.63152289140896	13.344493672772273	13.36162976670787	36.660686181709295	0.001667487401600504
106.0	36.61816931739546	13.612449334589382	13.415274166318241	36.34745583210429	0.006651349592622622
107.0	36.45681245414519	13.538988738102265	13.36757753753743	36.63449957967349	0.002121690541628371
108.0	36.807681341928934	13.40599016683842	13.35795943575063	36.42599165048214	0.002377404999879342
109.0	36.60206832961013	13.466329382520904	13.382581836657339	36.54676233206359	0.0022581191480439042
110.0	36.622784357917766	13.60321621101461	13.28306146715907	36.48725409982625	0.0036838640823072277
111.0	36.62577992582766	13.393328020465411	13.355886896092953	36.62060879844801	0.004396359165967424
112.0	36.770649143558764	13.499552569594714	13.336786548144433	36.38797103274309	0.005040705958999729
113.0	36.534932756230944	13.483518360808922	13.382829790845674	36.596200972066804	0.002518120047659498
114.0	36.77164118536291	13.448827828540974	13.268975829969474	36.50755792556769	0.002997230558963518
115.0	36.65271362954668	13.422254651002255	13.331986721361696	36.58938401062816	0.003660987461209015
116.0	36.65179800167042	13.522832560129878	13.290935447419699	36.53295461249147	0.001479378288534654
117.0	36.62494840006315	13.321006732624236	13.377322546580961	36.67137460766649	0.005347713065158953
118.0	36.674087122344595	13.5883222767197	13.217489258642487	36.51025800560777	0.009843336685454708
119.0	36.522709054175664	13.489877776077435	13.248398470870464	36.73573678258521	0.0032779162912255524
120.0	36.91163171048678	13.30156993011965	13.27109804246747	36.512320707568314	0.0033796093577874234
121.0	36.68362666858287	13.486285103972225	13.273397663182992	36.55400516374739	0.0026854005145227383
122.0	36.684473882306705	13.539674901149615	13.155695786166314	36.618298125961275	0.001857304416094137
123.0	36.710932450128816	13.482367887220049	13.220480112064644	36.58336950224744	0.0028500483390551624
124.0	36.742207133724264	13.38843682347429	13.363047843375215	36.50322565217359	0.0030825472526470675
125.0	36.60419488377985	13.348246710075113	13.311968903023574	36.73435275969925	0.0012367434222114622
126.0	36.748905077111665	13.38728600088789	13.22427396397233	36.6388395302216	6.954278065116852E-4
127.0	36.637507842380224	13.399762315553248	13.300544894610475	36.66003583364502	0.0021491138110348324
128.0	36.720431642677376	13.485278625514654	13.305484239342864	36.48746289660707	0.0013425958580350484
129.0	36.644467704835506	13.39764380416403	13.248773929106223	36.699174728238496	0.009939833655745621
130.0	36.67816368240983	13.51981298745986	13.271450041841067	36.523246105602404	0.007327182686837925
131.0	36.641028984779496	13.388040377487387	13.336717917209311	36.62894300362026	0.005269716903552534
132.0	36.88062734094414	13.358789958514539	13.30513489144379	36.450850445264265	0.00459736383326664
133.0	36.77447739615099	13.390821454560692	13.335907638690541	36.496217923854125	0.0025755867436472383
134.0	36.85605107333258	13.503192083286327	13.144440683947595	36.49085861785349	0.005457541580006499
135.0	36.79404147083047	13.341360295255967	13.333310111649855	36.526043892078	0.005244230185711543
136.0	36.94025133599805	13.358834734337426	13.463038601066001	36.23039890506321	0.0074764235353152264
137.0	36.647778326565316	13.375708653851026	13.405998087516583	36.56922850824345	0.0012864238236336327
138.0	36.76916163230506	13.416395164273865	13.339664313287253	36.47340939508817	0.00136949504565603
139.0	36.74774819360586	13.36649180111518	13.346302921181671	36.53248524326422	0.006971840833070172
140.0	36.76363391873584	13.40970755637911	13.489363992648737	36.33327227654349	0.004022255692822699
141.0	36.88714164550256	13.240931901855552	13.371143637977717	36.49894159656179	0.0018412181023812295
142.0	36.973059818794795	13.520298343343399	13.326108721134277	36.178862839411785	0.0016702773157450481
143.0	36.969729908806684	13.576612757393484	13.346726230022801	36.0921048714164	0.01482623236062992
144.0	37.20486566375398	13.741390795347336	13.776756981053973	35.273269091460776	0.0037174683839361154
145.0	37.069896397511855	14.204112310304911	14.125449174604016	34.59722146011334	0.0033206574658807505
146.0	36.483926754248216	14.371785084349384	14.453334164267481	34.688944995166096	0.0020090019688219296
147.0	35.43507573958639	14.38034756385611	14.490686627828437	35.68786966732982	0.006020401399250365
148.0	35.81811924583254	14.079106764399132	14.382145089525498	35.71060857298069	0.010020327262138105
149.0	36.822075976917816	13.945696044373404	12.014734157706101	37.179129553709146	0.03836426729353626
150.0	36.72219549643235	15.652086868099104	8.667221666901916	38.95849596856663	0.0
