# Position (bp)	A	C	G	T	N
0.0	38.435821816316604	10.413974490182444	14.525927577273329	36.62388238753819	3.9372868943468435E-4
1.0	35.482150649285764	13.736406516997269	13.762827069743471	36.97804813211037	0.0405676318631323
2.0	35.210559314683984	15.39692332255965	13.32141647833311	36.06871135858392	0.0023895258393277392
3.0	35.592299644367955	14.10652506191723	14.003368145285345	36.29490170223847	0.002905446191000774
4.0	34.844812515901886	14.349048357757635	13.915132188297893	36.88989363623107	0.0011133018115049697
5.0	34.90408904893884	13.531694752193951	13.970770125170423	37.588476946099085	0.004969127597692913
6.0	36.10011461577918	13.497318164550896	13.232936138021184	37.15921763665576	0.010413444992979411
7.0	36.57622763926523	12.971975478034148	13.17409406422774	37.276575939810016	0.0011268786628647863
8.0	36.71173819268756	13.218341022809382	12.95030682326388	37.11760458723792	0.002009374001252872
9.0	36.742068878625396	12.955303104564292	13.201071267879694	37.099859642510644	0.0016971064199770877
10.0	36.62370588847051	13.553091869937022	12.881282110950574	36.93488732163751	0.0070328090043850515
11.0	36.52635986422062	13.145827059696602	13.155670276932469	37.1710973815956	0.0010454175547058861
12.0	36.80437304951559	13.14521610138541	13.009434010935884	37.03940192340538	0.0015749147577387374
13.0	36.5889763026921	13.00367742595932	13.203420063164945	37.19935080927538	0.004575398908258229
14.0	36.61668665631749	13.425944656952337	12.72804018965232	37.22654524254909	0.002783254528762424
15.0	36.641206449873316	12.921713974300106	13.149927268807266	37.28462701266639	0.0025252943529259064
16.0	36.761687428840325	13.156064005621904	12.932249610955324	37.14622458990441	0.003774364678029043
17.0	36.52221892455588	12.928027210182421	13.145392600453087	37.40168662509073	0.0026746397178838903
18.0	36.8040336282316	13.144577989371498	12.868614908631864	37.17692185082896	0.005851622936080999
19.0	36.68883404444355	12.921822589110985	13.087229369227632	37.2938456947397	0.00826830247812837
20.0	36.895921758234834	13.082708277724814	12.907729817399497	37.10689245151503	0.006747695125828901
21.0	36.88109583654992	12.727836536881924	13.187847414655232	37.201129376803515	0.0020908351094117723
22.0	36.93054272920237	13.21118602214276	12.78517158017443	37.07125321669551	0.0018464517849350712
23.0	36.853819942168045	12.877765706448379	12.999102027051062	37.26817186881829	0.001140455514224603
24.0	37.08643213651578	12.887839730157364	12.869293751199853	37.155334657166854	0.001099724960145153
25.0	36.91123644656871	12.736620759711725	13.061867810887495	37.287668227370986	0.0026067554610848067
26.0	36.927162093213774	13.14870535218488	12.767833940987943	37.15362397389551	0.0026746397178838903
27.0	36.82982964581525	12.741073966957744	13.113188309027601	37.31483550694198	0.0010725712574255195
28.0	36.97489830259489	12.99251725414155	12.940232799554895	37.08937831326086	0.0029733304477998577
29.0	36.735253299242764	12.714218954968029	13.201804417853126	37.34747425761098	0.0012490703251031366
30.0	36.99696068605459	13.019765994820704	12.802807910090833	37.17684038972081	0.0036250193130710597
31.0	36.85801518923822	12.819235900236208	13.077209652924088	37.24276957992407	0.0027696776774026074
32.0	37.08329588385166	12.997988725239557	12.839954175411291	37.06802192607187	0.010739289425615011
33.0	36.95158684881009	12.712915577237485	13.099014076207952	37.2334015524858	0.003081945258678391
34.0	36.929510888499024	13.175044443822925	12.776428087898708	37.117468818724326	0.001547761055019104
35.0	36.767253937897856	12.874317186202985	13.033695844315874	37.322194160379	0.0025388712042857236
36.0	37.07709126278023	12.912155870942795	12.939445342176025	37.06827988624771	0.0030276378532391244
37.0	36.83733764461722	12.744155912216423	13.144713757885096	37.27049351040082	0.0032991748804354587
38.0	36.95170904047232	13.152167449281635	12.810180140379213	37.0812593561477	0.004684013719136762
39.0	36.866392106527236	12.7829857071055	13.15548020101343	37.19244019193324	0.0027017934206035234
40.0	37.00274609911773	13.02174930108455	12.955261786249789	37.01854079852554	0.0017020150223930714
41.0	36.88682764674106	12.673453035158428	13.064806232374767	37.37242787002813	0.0024852156976055083
42.0	37.13757867739403	12.878025680980636	12.726788705210732	37.25581301719821	0.0017939192163941757
43.0	36.95351521384199	12.742869919288738	12.930625781457724	37.37118994723993	0.0017991381716141593
44.0	37.114336330768545	12.94453489254504	12.730728161764818	37.206048455238104	0.004352159683493319
45.0	37.142047527499	12.438386673320874	12.953443289778106	37.46431350042684	0.0018090089751701779
46.0	37.06502766868247	12.887795251334422	12.824287909916213	37.21766957823898	0.005219591827919056
47.0	37.05375756078468	12.601465105885683	12.885950472870004	37.457716511171505	0.0011103492881273126
48.0	37.3624814079455	12.620697043776374	12.758984362499495	37.25444226619231	0.0033949195863207005
49.0	37.12604706125517	12.522755682662112	12.98670453085812	37.36191259725862	0.00258012796597913
50.0	37.28776288185207	12.855856930146963	12.635761507933235	37.217039892714666	0.0035787873530687612
51.0	37.21592891046649	12.516527122973562	12.867466692891524	37.39562241026042	0.004454863408004129
52.0	37.3553782363516	12.585596483868015	12.775210281069285	37.28121754943437	0.002597449276729719
53.0	37.12256110017745	12.406387724079945	12.912345649136098	37.5550896319779	0.0036158946286096337
54.0	37.364728532227744	12.615590491325143	12.636526200511366	37.372454302351684	0.010700473584069349
55.0	37.23007669957881	12.467156600718063	12.861715304091737	37.4356269374074	0.005424458203984491
56.0	37.46417043217158	12.567870745873611	12.716108084724603	37.24767483816975	0.004175899060451023
57.0	37.27977945744989	12.434839572147	12.95850613459859	37.31805154504049	0.00882329076402889
58.0	37.48067130579022	12.850544714838055	12.676353676755852	36.99099446691472	0.001435835701159089
59.0	37.192999699441756	12.490445524174996	12.894005501212916	37.42138122892709	0.001168046243235659
60.0	37.56183963492346	12.597541603285322	12.742776239876116	37.09714304312672	6.994787883771178E-4
61.0	37.24244689717446	12.465620246095092	12.850853739450033	37.44053550731542	5.436099650001015E-4
62.0	37.3704917243151	12.598686624951833	12.631486595592417	37.398460580398925	8.744747417289024E-4
63.0	37.440844285754096	12.298814544052421	12.80350749461346	37.45585678563558	9.76889944440821E-4
64.0	37.645441809527256	12.43913215551244	12.749656600476447	37.15563409166525	0.010135342818612923
65.0	37.34332957740789	12.363203280206946	12.747577283816675	37.54434612993001	0.001543728638474623
66.0	37.637078066179185	12.501106109599991	12.487052011153054	37.37229133278544	0.002472480282331222
67.0	37.41142679469678	12.310404151425734	12.649324434164534	37.62745370199993	0.0013909177130183232
68.0	37.439710324972566	12.434098437586664	12.532789248872467	37.59055611553431	0.0028458730339881453
69.0	37.283762136130704	12.209358922441533	12.78159395525636	37.71793670026458	0.007348285906817041
70.0	37.450731145498956	12.434715896853195	12.615728673033297	37.48543753455145	0.01338675006310584
71.0	37.26985710849367	12.325397124633227	12.676860718412044	37.722536371732446	0.00534867672860902
72.0	37.69121303932249	12.371224768197992	12.466851426725139	37.466565820990525	0.004144944763850926
73.0	37.51704573644481	12.383725692302768	12.499776148563372	37.59258275237158	0.006869670317475648
74.0	37.64016471473342	12.613879118475179	12.183908992917784	37.54064208499394	0.021405088879666474
75.0	37.59241896509042	12.289221359206982	12.315348216303837	37.76507443721467	0.03793702218409025
76.0	37.571590348701065	12.4625986378493	12.415205476030838	37.548979953446235	0.0016255839725696005
77.0	37.41564969396771	12.401883202688664	12.406978063366441	37.77106065816714	0.004428381810044044
78.0	37.6730793240678	12.602239815581976	12.167412089160914	37.550484330391285	0.006784440798034323
79.0	37.47157589924905	12.59559447454675	12.23947023115268	37.68917845030977	0.0041809447417478045
80.0	37.71823076379313	12.659733152464236	12.09350311882867	37.515483784566534	0.013049180347427344
81.0	37.66497584840718	12.392755702943106	12.298113325428533	37.64234657494587	0.0018085482753100726
82.0	37.827359263982515	12.646165536815257	12.059450839477998	37.46530141622959	0.0017229434946447921
83.0	37.4881801331934	12.505865822418711	12.088301856986106	37.91570004170083	0.001952145700947196
84.0	37.67594991429413	12.404849019786106	12.277042807178944	37.64083368605098	0.0013245726898398651
85.0	37.450928006220146	12.48313981107537	12.220768795952077	37.837364064373226	0.007799322379182537
86.0	37.43513699290881	12.734000508652382	11.997860756863858	37.83148969525311	0.0015120463218414788
87.0	37.559476813173326	12.47113485957274	12.162820759563497	37.8060826303004	4.8493739003665825E-4
88.0	37.74395418306875	12.628287118909281	12.09544626959004	37.53199346210156	3.1896633036983236E-4
89.0	37.4487276916744	12.450798069920326	12.303329290006406	37.79635333318719	7.916152116779077E-4
90.0	37.5819849565359	12.532827174132164	12.187253877265244	37.696819977905896	0.0011140141607986352
91.0	37.467776300916654	12.52420888084688	12.163190264749025	37.84303498529342	0.001789568194019783
92.0	37.49419474056144	12.568844742255681	12.21895759695914	37.71277454526554	0.005228374958199832
93.0	37.676708483620935	12.33236678981682	12.116850177763167	37.865176016503625	0.00889853229544787
94.0	37.8178853562217	12.528943485370272	11.994149526012395	37.65289015818279	0.006131474212837335
95.0	37.63285287472999	12.426726421476156	12.074407955353127	37.85750472920797	0.008508019232755782
96.0	38.053056252505534	12.277527632497458	12.033699186928951	37.62444878178647	0.011268146281589118
97.0	37.73106089931008	12.307143806858106	12.086883009509986	37.87314361975201	0.00176866456981656
98.0	37.85727904787173	12.565221029110468	11.892521031692095	37.68189960339394	0.0030792879317729327
99.0	37.68699861982823	12.253081689861546	12.167742705925509	37.8891213685916	0.0030556157931061253
100.0	37.959697107082896	12.358688026640424	12.054110391537527	37.623519288380116	0.003985186359035285
101.0	37.76148829922648	12.285675119945168	12.095063154802704	37.853386859884466	0.004386566141192597
102.0	38.031493836933166	12.294768617990377	11.935429153002374	37.73738173319764	9.266588764496714E-4
103.0	37.80455508057596	12.286940160443384	12.041850688457997	37.85986789793974	0.006786172582918054
104.0	37.94166216027232	12.422969068298627	11.990986579941858	37.64357719635031	8.0499513688232E-4
105.0	37.954693654538765	12.049823909925935	12.027908579685644	37.966181401653884	0.001392454195773047
106.0	37.94088909051111	12.346100037751292	12.051719269972496	37.65583511250837	0.005456489256743681
107.0	37.85476633870341	12.202026806873569	12.007039392323678	37.9341479382331	0.0020195238662400966
108.0	38.13098781525379	12.146103449424766	11.987291886629396	37.73346471448433	0.002152134207726863
109.0	37.888342392711415	12.159953692013534	12.072375087019251	37.87725123361177	0.0020775946440249335
110.0	37.934853138383005	12.353599002818193	11.944856999578633	37.76353461217414	0.0031562470460251317
111.0	37.85894509577357	12.147327002128337	12.032421526096988	37.95688940564765	0.004416970353455605
112.0	38.06510114645858	12.210796749580428	12.039135536029049	37.68031271326812	0.004653854663822609
113.0	37.81098157586868	12.168718285573792	12.07986583020948	37.9380773936527	0.002356914695346982
114.0	38.00491859395218	12.251102394638263	11.931288585835453	37.810165579715125	0.0025248458589695556
115.0	37.8640015785166	12.181805908662824	11.983274344496968	37.96781890156794	0.0030992667556745787
116.0	38.01440616268145	12.218752414923516	11.99331345808913	37.772014951172785	0.0015130131331166851
117.0	37.95204375264968	12.078402561111616	11.996712156977377	37.968567790067404	0.004273739193923852
118.0	37.979961491706554	12.35138875010283	11.93789805818177	37.72200204529312	0.008749654715728625
119.0	37.84563386083261	12.221637915668659	11.95471531289288	37.975044917541446	0.0029679930644069255
120.0	38.141117120482335	12.092723341233786	12.015220427887106	37.74778243679419	0.0031566736025800545
121.0	38.00316521474817	12.201555046499909	11.950853290928269	37.842151686677695	0.0022747611459587305
122.0	37.962885222578926	12.338014136948049	11.862650664537046	37.8345988978152	0.0018510781207854916
123.0	37.95644110543998	12.275724624051271	11.970633715743768	37.794499315326945	0.002701239438029507
124.0	38.0337325005363	12.183952012865163	12.038374819482453	37.741282026442505	0.002658640673579908
125.0	37.93532690610112	12.074003699585155	12.004007495142254	37.98537894088961	0.0012829582818622688
126.0	38.032752263472396	12.146761632146221	11.920698433363654	37.89910263102142	6.85039996310809E-4
127.0	37.92884199655501	12.135653205970318	11.986055163796369	37.947640182613824	0.0018094510644849824
128.0	38.08760501536319	12.20778653366751	11.980913859465309	37.722451085253276	0.0012435062507194273
129.0	37.974721516371964	12.130186988244517	11.993325628246055	37.892244051055805	0.0095218160816564
130.0	38.04727827816779	12.247803179188944	11.945952131474403	37.75272926050212	0.006237150666741265
131.0	37.913703408357335	12.141832256524593	12.058274475021836	37.88171445853066	0.004475401565576839
132.0	38.10553992091851	12.135468878155473	12.029748051866793	37.724686510036165	0.0045566390230565934
133.0	38.06142512134554	12.106329410107431	12.099047227935882	37.73101529138876	0.0021829492223840296
134.0	38.01755058873202	12.248356535553338	11.965769269327666	37.76243851015367	0.0058850962332989
135.0	38.064156731078306	12.117627938737751	12.068579972126065	37.745036038585546	0.004599319472334493
136.0	38.1782433187252	12.141899305132268	12.201957255544512	37.47178757117246	0.006112549425558101
137.0	37.89521240250614	12.117546346566325	12.111534099203809	37.874653280778	0.0010538709457282376
138.0	38.00655565816891	12.209830990784388	12.070635509115839	37.71157357813523	0.0014042637956348893
139.0	37.96365273613526	12.176065475318538	12.064826744894482	37.78978350375209	0.005671539899631141
140.0	37.92186526572221	12.217016250918427	12.196360375360737	37.660532645712095	0.004225462286526852
141.0	38.06749772606586	12.102990376745758	12.087988545330592	37.74003368401867	0.0014896678391228834
142.0	38.09887479822897	12.376744363652936	12.055899175107777	37.46668677411481	0.001794888895497521
143.0	38.126635319435636	12.352339624695736	12.080596459897954	37.42750864452565	0.012919951445019687
144.0	38.36719639831514	12.478922749288957	12.339050284977043	36.81147277550283	0.003357791916036015
145.0	38.39153433096592	12.804660682635966	12.574406132680496	36.22671585966081	0.0026829940568104315
146.0	37.835485915331155	13.02167224223065	12.789410848839589	36.35169418928598	0.0017368043126298421
147.0	37.16895100401844	12.909859512652105	12.744511776843959	37.17074404262922	0.005933663856278898
148.0	37.59792151895862	12.669531782227889	12.548798522358725	37.174384090205955	0.009364086248810502
149.0	38.68576861575695	12.328939319896145	10.467799951463896	38.48171335773436	0.03577875514865013
150.0	38.111936159105284	13.772500928649592	7.2221643559187605	40.89339855632636	0.0
