#Coverage	Number of genomic locations
0.0	2.45009687E8
1.0	1.851336E7
2.0	3.0580999E7
3.0	2.8435229E7
4.0	2.6456625E7
5.0	1.2259768E7
6.0	1.4315711E7
7.0	6901096.0
8.0	7619510.0
9.0	3981695.0
10.0	3869656.0
11.0	2220410.0
12.0	2030338.0
13.0	1208627.0
14.0	1076770.0
15.0	672568.0
16.0	584483.0
17.0	380778.0
18.0	330674.0
19.0	221955.0
20.0	193472.0
21.0	140780.0
22.0	120736.0
23.0	93018.0
24.0	77882.0
25.0	62492.0
26.0	55783.0
27.0	44732.0
28.0	40099.0
29.0	33897.0
30.0	30627.0
31.0	26444.0
32.0	24619.0
33.0	21446.0
34.0	20643.0
35.0	17927.0
36.0	17260.0
37.0	15732.0
38.0	14640.0
39.0	13233.0
40.0	12801.0
41.0	11567.0
42.0	11279.0
43.0	10608.0
44.0	10410.0
45.0	9700.0
46.0	9644.0
47.0	8709.0
48.0	8828.0
49.0	7899.0
50.0	7813.0
51.0	7391.0
52.0	7522.0
53.0	7054.0
54.0	7037.0
55.0	6593.0
56.0	6381.0
57.0	6298.0
58.0	6498.0
59.0	5930.0
60.0	5729.0
61.0	5764.0
62.0	5510.0
63.0	5519.0
64.0	5301.0
65.0	5154.0
66.0	5138.0
67.0	4938.0
68.0	4952.0
69.0	4614.0
70.0	4661.0
71.0	4541.0
72.0	4343.0
73.0	4322.0
74.0	4340.0
75.0	3962.0
76.0	3898.0
77.0	4058.0
78.0	3896.0
79.0	3848.0
80.0	3775.0
81.0	3530.0
82.0	3527.0
83.0	3505.0
84.0	3334.0
85.0	3306.0
86.0	3129.0
87.0	3133.0
88.0	3012.0
89.0	3050.0
90.0	2969.0
91.0	2969.0
92.0	2936.0
93.0	2893.0
94.0	2756.0
95.0	2751.0
96.0	2607.0
97.0	2641.0
98.0	2524.0
99.0	2721.0
100.0	2669.0
101.0	2567.0
102.0	2518.0
103.0	2502.0
104.0	2450.0
105.0	2273.0
106.0	2445.0
107.0	2338.0
108.0	2232.0
109.0	2293.0
110.0	2168.0
111.0	2181.0
112.0	2020.0
113.0	1961.0
114.0	2049.0
115.0	2014.0
116.0	2050.0
117.0	1914.0
118.0	1867.0
119.0	1817.0
120.0	1759.0
121.0	1729.0
122.0	1788.0
123.0	1737.0
124.0	1718.0
125.0	1725.0
126.0	1658.0
127.0	1543.0
128.0	1534.0
129.0	1589.0
130.0	1539.0
131.0	1541.0
132.0	1528.0
133.0	1449.0
134.0	1511.0
135.0	1482.0
136.0	1444.0
137.0	1378.0
138.0	1316.0
139.0	1366.0
140.0	1405.0
141.0	1346.0
142.0	1328.0
143.0	1298.0
144.0	1294.0
145.0	1371.0
146.0	1271.0
147.0	1191.0
148.0	1202.0
149.0	1184.0
150.0	1131.0
151.0	1128.0
152.0	1081.0
153.0	1103.0
154.0	1026.0
155.0	1083.0
156.0	1068.0
157.0	1006.0
158.0	1026.0
159.0	1061.0
160.0	1016.0
161.0	1051.0
162.0	1044.0
163.0	1019.0
164.0	1001.0
165.0	995.0
166.0	1037.0
167.0	992.0
168.0	962.0
169.0	935.0
170.0	976.0
171.0	918.0
172.0	900.0
173.0	880.0
174.0	876.0
175.0	932.0
176.0	858.0
177.0	939.0
178.0	856.0
179.0	841.0
180.0	837.0
181.0	882.0
182.0	826.0
183.0	832.0
184.0	798.0
185.0	822.0
186.0	816.0
187.0	801.0
188.0	830.0
189.0	812.0
190.0	737.0
191.0	739.0
192.0	817.0
193.0	767.0
194.0	787.0
195.0	732.0
196.0	686.0
197.0	731.0
198.0	714.0
199.0	707.0
200.0	717.0
201.0	728.0
202.0	645.0
203.0	689.0
204.0	675.0
205.0	658.0
206.0	665.0
207.0	666.0
208.0	688.0
209.0	702.0
210.0	645.0
211.0	634.0
212.0	629.0
213.0	599.0
214.0	597.0
215.0	614.0
216.0	577.0
217.0	560.0
218.0	548.0
219.0	593.0
220.0	578.0
221.0	614.0
222.0	521.0
223.0	560.0
224.0	516.0
225.0	544.0
226.0	543.0
227.0	552.0
228.0	544.0
229.0	509.0
230.0	504.0
231.0	510.0
232.0	542.0
233.0	492.0
234.0	475.0
235.0	459.0
236.0	465.0
237.0	411.0
238.0	432.0
239.0	417.0
240.0	424.0
241.0	404.0
242.0	409.0
243.0	422.0
244.0	411.0
245.0	438.0
246.0	394.0
247.0	439.0
248.0	429.0
249.0	400.0
250.0	412.0
251.0	400.0
252.0	368.0
253.0	362.0
254.0	378.0
255.0	357.0
256.0	376.0
257.0	393.0
258.0	375.0
259.0	388.0
260.0	367.0
261.0	320.0
262.0	343.0
263.0	297.0
264.0	285.0
265.0	342.0
266.0	342.0
267.0	332.0
268.0	317.0
269.0	343.0
270.0	353.0
271.0	314.0
272.0	320.0
273.0	345.0
274.0	305.0
275.0	350.0
276.0	307.0
277.0	284.0
278.0	305.0
279.0	309.0
280.0	262.0
281.0	311.0
282.0	297.0
283.0	283.0
284.0	292.0
285.0	304.0
286.0	295.0
287.0	256.0
288.0	281.0
289.0	267.0
290.0	272.0
291.0	286.0
292.0	249.0
293.0	262.0
294.0	258.0
295.0	286.0
296.0	280.0
297.0	262.0
298.0	295.0
299.0	242.0
300.0	233.0
301.0	246.0
302.0	260.0
303.0	274.0
304.0	245.0
305.0	256.0
306.0	264.0
307.0	216.0
308.0	209.0
309.0	224.0
310.0	239.0
311.0	188.0
312.0	193.0
313.0	229.0
314.0	210.0
315.0	192.0
316.0	176.0
317.0	182.0
318.0	206.0
319.0	175.0
320.0	185.0
321.0	186.0
322.0	195.0
323.0	190.0
324.0	193.0
325.0	200.0
326.0	204.0
327.0	193.0
328.0	194.0
329.0	189.0
330.0	217.0
331.0	179.0
332.0	192.0
333.0	180.0
334.0	203.0
335.0	193.0
336.0	204.0
337.0	176.0
338.0	215.0
339.0	193.0
340.0	190.0
341.0	163.0
342.0	170.0
343.0	167.0
344.0	153.0
345.0	157.0
346.0	173.0
347.0	159.0
348.0	161.0
349.0	171.0
350.0	154.0
351.0	177.0
352.0	170.0
353.0	169.0
354.0	161.0
355.0	188.0
356.0	168.0
357.0	171.0
358.0	161.0
359.0	155.0
360.0	172.0
361.0	157.0
362.0	127.0
363.0	140.0
364.0	181.0
365.0	154.0
366.0	160.0
367.0	173.0
368.0	154.0
369.0	139.0
370.0	136.0
371.0	131.0
372.0	157.0
373.0	156.0
374.0	157.0
375.0	140.0
376.0	166.0
377.0	133.0
378.0	137.0
379.0	139.0
380.0	136.0
381.0	127.0
382.0	136.0
383.0	135.0
384.0	158.0
385.0	125.0
386.0	143.0
387.0	158.0
388.0	140.0
389.0	150.0
390.0	163.0
391.0	127.0
392.0	123.0
393.0	131.0
394.0	137.0
395.0	112.0
396.0	138.0
397.0	141.0
398.0	128.0
399.0	114.0
400.0	122.0
401.0	112.0
402.0	107.0
403.0	109.0
404.0	110.0
405.0	113.0
406.0	103.0
407.0	109.0
408.0	101.0
409.0	111.0
410.0	120.0
411.0	100.0
412.0	127.0
413.0	113.0
414.0	112.0
415.0	121.0
416.0	111.0
417.0	113.0
418.0	122.0
419.0	116.0
420.0	107.0
421.0	105.0
422.0	92.0
423.0	92.0
424.0	89.0
425.0	114.0
426.0	102.0
427.0	90.0
428.0	91.0
429.0	112.0
430.0	105.0
431.0	88.0
432.0	79.0
433.0	97.0
434.0	90.0
435.0	81.0
436.0	103.0
437.0	88.0
438.0	83.0
439.0	103.0
440.0	94.0
441.0	83.0
442.0	88.0
443.0	97.0
444.0	89.0
445.0	83.0
446.0	82.0
447.0	89.0
448.0	89.0
449.0	104.0
450.0	89.0
451.0	77.0
452.0	109.0
453.0	91.0
454.0	97.0
455.0	94.0
456.0	97.0
457.0	97.0
458.0	104.0
459.0	93.0
460.0	84.0
461.0	89.0
462.0	98.0
463.0	92.0
464.0	96.0
465.0	96.0
466.0	78.0
467.0	96.0
468.0	94.0
469.0	99.0
470.0	87.0
471.0	100.0
472.0	90.0
473.0	99.0
474.0	90.0
475.0	96.0
476.0	99.0
477.0	101.0
478.0	91.0
479.0	96.0
480.0	93.0
481.0	87.0
482.0	95.0
483.0	75.0
484.0	94.0
485.0	95.0
486.0	100.0
487.0	83.0
488.0	87.0
489.0	98.0
490.0	100.0
491.0	82.0
492.0	94.0
493.0	68.0
494.0	92.0
495.0	83.0
496.0	78.0
497.0	81.0
498.0	100.0
499.0	93.0
500.0	104.0
501.0	92.0
502.0	88.0
503.0	80.0
504.0	88.0
505.0	77.0
506.0	97.0
507.0	74.0
508.0	75.0
509.0	55.0
510.0	81.0
511.0	90.0
512.0	81.0
513.0	78.0
514.0	69.0
515.0	91.0
516.0	80.0
517.0	73.0
518.0	65.0
519.0	74.0
520.0	66.0
521.0	70.0
522.0	96.0
523.0	87.0
524.0	82.0
525.0	86.0
526.0	71.0
527.0	73.0
528.0	77.0
529.0	89.0
530.0	78.0
531.0	72.0
532.0	87.0
533.0	101.0
534.0	85.0
535.0	67.0
536.0	71.0
537.0	66.0
538.0	57.0
539.0	62.0
540.0	65.0
541.0	63.0
542.0	69.0
543.0	70.0
544.0	70.0
545.0	56.0
546.0	56.0
547.0	53.0
548.0	43.0
549.0	53.0
550.0	52.0
551.0	56.0
552.0	46.0
553.0	47.0
554.0	55.0
555.0	48.0
556.0	47.0
557.0	53.0
558.0	53.0
559.0	55.0
560.0	45.0
561.0	48.0
562.0	51.0
563.0	56.0
564.0	41.0
565.0	49.0
566.0	71.0
567.0	60.0
568.0	51.0
569.0	52.0
570.0	50.0
571.0	68.0
572.0	58.0
573.0	65.0
574.0	62.0
575.0	65.0
576.0	63.0
577.0	57.0
578.0	45.0
579.0	59.0
580.0	58.0
581.0	54.0
582.0	45.0
583.0	67.0
584.0	53.0
585.0	34.0
586.0	42.0
587.0	48.0
588.0	46.0
589.0	42.0
590.0	39.0
591.0	47.0
592.0	49.0
593.0	60.0
594.0	42.0
595.0	45.0
596.0	48.0
597.0	55.0
598.0	45.0
599.0	54.0
600.0	53.0
601.0	41.0
602.0	56.0
603.0	43.0
604.0	41.0
605.0	60.0
606.0	42.0
607.0	56.0
608.0	49.0
609.0	54.0
610.0	39.0
611.0	47.0
612.0	50.0
613.0	63.0
614.0	62.0
615.0	60.0
616.0	48.0
617.0	54.0
618.0	67.0
619.0	51.0
620.0	39.0
621.0	34.0
622.0	38.0
623.0	33.0
624.0	35.0
625.0	34.0
626.0	36.0
627.0	39.0
628.0	43.0
629.0	43.0
630.0	32.0
631.0	39.0
632.0	33.0
633.0	28.0
634.0	33.0
635.0	41.0
636.0	42.0
637.0	47.0
638.0	45.0
639.0	53.0
640.0	42.0
641.0	37.0
642.0	49.0
643.0	40.0
644.0	41.0
645.0	56.0
646.0	35.0
647.0	44.0
648.0	38.0
649.0	48.0
650.0	39.0
651.0	40.0
652.0	39.0
653.0	44.0
654.0	46.0
655.0	43.0
656.0	40.0
657.0	28.0
658.0	34.0
659.0	26.0
660.0	35.0
661.0	31.0
662.0	26.0
663.0	28.0
664.0	39.0
665.0	33.0
666.0	28.0
667.0	36.0
668.0	35.0
669.0	27.0
670.0	27.0
671.0	25.0
672.0	31.0
673.0	18.0
674.0	21.0
675.0	31.0
676.0	34.0
677.0	23.0
678.0	31.0
679.0	17.0
680.0	30.0
681.0	36.0
682.0	32.0
683.0	30.0
684.0	39.0
685.0	40.0
686.0	28.0
687.0	35.0
688.0	39.0
689.0	23.0
690.0	25.0
691.0	36.0
692.0	18.0
693.0	36.0
694.0	27.0
695.0	33.0
696.0	32.0
697.0	30.0
698.0	31.0
699.0	40.0
700.0	33.0
701.0	32.0
702.0	46.0
703.0	32.0
704.0	38.0
705.0	29.0
706.0	37.0
707.0	35.0
708.0	35.0
709.0	34.0
710.0	37.0
711.0	25.0
712.0	37.0
713.0	30.0
714.0	29.0
715.0	29.0
716.0	25.0
717.0	34.0
718.0	34.0
719.0	25.0
720.0	21.0
721.0	20.0
722.0	24.0
723.0	26.0
724.0	25.0
725.0	21.0
726.0	20.0
727.0	19.0
728.0	34.0
729.0	29.0
730.0	30.0
731.0	38.0
732.0	29.0
733.0	23.0
734.0	17.0
735.0	19.0
736.0	25.0
737.0	29.0
738.0	28.0
739.0	31.0
740.0	27.0
741.0	26.0
742.0	33.0
743.0	20.0
744.0	20.0
745.0	30.0
746.0	18.0
747.0	22.0
748.0	31.0
749.0	19.0
750.0	30.0
751.0	22.0
752.0	20.0
753.0	16.0
754.0	29.0
755.0	24.0
756.0	17.0
757.0	24.0
758.0	21.0
759.0	24.0
760.0	22.0
761.0	17.0
762.0	15.0
763.0	21.0
764.0	14.0
765.0	20.0
766.0	22.0
767.0	17.0
768.0	16.0
769.0	23.0
770.0	19.0
771.0	20.0
772.0	25.0
773.0	15.0
774.0	22.0
775.0	12.0
776.0	18.0
777.0	12.0
778.0	15.0
779.0	13.0
780.0	16.0
781.0	13.0
782.0	11.0
783.0	13.0
784.0	12.0
785.0	11.0
786.0	22.0
787.0	12.0
788.0	14.0
789.0	16.0
790.0	10.0
791.0	17.0
792.0	12.0
793.0	19.0
794.0	14.0
795.0	18.0
796.0	17.0
797.0	20.0
798.0	10.0
799.0	17.0
800.0	18.0
801.0	10.0
802.0	18.0
803.0	15.0
804.0	11.0
805.0	13.0
806.0	20.0
807.0	11.0
808.0	14.0
809.0	16.0
810.0	12.0
811.0	16.0
812.0	11.0
813.0	17.0
814.0	19.0
815.0	12.0
816.0	17.0
817.0	13.0
818.0	13.0
819.0	12.0
820.0	18.0
821.0	15.0
822.0	18.0
823.0	15.0
824.0	12.0
825.0	11.0
826.0	13.0
827.0	14.0
828.0	13.0
829.0	11.0
830.0	8.0
831.0	16.0
832.0	10.0
833.0	11.0
834.0	15.0
835.0	16.0
836.0	10.0
837.0	25.0
838.0	9.0
839.0	23.0
840.0	7.0
841.0	16.0
842.0	15.0
843.0	12.0
844.0	15.0
845.0	15.0
846.0	11.0
847.0	18.0
848.0	9.0
849.0	15.0
850.0	13.0
851.0	17.0
852.0	14.0
853.0	10.0
854.0	14.0
855.0	19.0
856.0	18.0
857.0	9.0
858.0	11.0
859.0	23.0
860.0	17.0
861.0	13.0
862.0	13.0
863.0	14.0
864.0	12.0
865.0	19.0
866.0	16.0
867.0	12.0
868.0	20.0
869.0	8.0
870.0	10.0
871.0	22.0
872.0	9.0
873.0	16.0
874.0	13.0
875.0	22.0
876.0	18.0
877.0	11.0
878.0	17.0
879.0	14.0
880.0	11.0
881.0	17.0
882.0	11.0
883.0	11.0
884.0	14.0
885.0	15.0
886.0	20.0
887.0	10.0
888.0	13.0
889.0	16.0
890.0	14.0
891.0	18.0
892.0	18.0
893.0	16.0
894.0	12.0
895.0	15.0
896.0	15.0
897.0	16.0
898.0	18.0
899.0	14.0
900.0	20.0
901.0	9.0
902.0	11.0
903.0	11.0
904.0	17.0
905.0	12.0
906.0	9.0
907.0	14.0
908.0	6.0
909.0	16.0
910.0	18.0
911.0	12.0
912.0	7.0
913.0	18.0
914.0	13.0
915.0	17.0
916.0	8.0
917.0	6.0
918.0	8.0
919.0	8.0
920.0	10.0
921.0	10.0
922.0	15.0
923.0	12.0
924.0	19.0
925.0	9.0
926.0	11.0
927.0	16.0
928.0	15.0
929.0	10.0
930.0	13.0
931.0	11.0
932.0	13.0
933.0	10.0
934.0	15.0
935.0	7.0
936.0	12.0
937.0	6.0
938.0	18.0
939.0	11.0
940.0	11.0
941.0	10.0
942.0	4.0
943.0	14.0
944.0	13.0
945.0	13.0
946.0	14.0
947.0	18.0
948.0	8.0
949.0	11.0
950.0	15.0
951.0	14.0
952.0	13.0
953.0	10.0
954.0	14.0
955.0	13.0
956.0	9.0
957.0	12.0
958.0	17.0
959.0	13.0
960.0	5.0
961.0	10.0
962.0	15.0
963.0	13.0
964.0	14.0
965.0	15.0
966.0	12.0
967.0	16.0
968.0	15.0
969.0	14.0
970.0	12.0
971.0	11.0
972.0	17.0
973.0	7.0
974.0	13.0
975.0	14.0
976.0	12.0
977.0	11.0
978.0	13.0
979.0	12.0
980.0	12.0
981.0	8.0
982.0	16.0
983.0	8.0
984.0	14.0
985.0	7.0
986.0	8.0
987.0	12.0
988.0	11.0
989.0	13.0
990.0	11.0
991.0	21.0
992.0	9.0
993.0	11.0
994.0	13.0
995.0	7.0
996.0	16.0
997.0	15.0
998.0	12.0
999.0	10.0
1000.0	13.0
1001.0	11.0
1002.0	8.0
1003.0	13.0
1004.0	12.0
1005.0	11.0
1006.0	7.0
1007.0	18.0
1008.0	6.0
1009.0	8.0
1010.0	12.0
1011.0	15.0
1012.0	10.0
1013.0	13.0
1014.0	9.0
1015.0	12.0
1016.0	6.0
1017.0	11.0
1018.0	15.0
1019.0	7.0
1020.0	11.0
1021.0	12.0
1022.0	7.0
1023.0	10.0
1024.0	13.0
1025.0	12.0
1026.0	9.0
1027.0	15.0
1028.0	11.0
1029.0	14.0
1030.0	14.0
1031.0	11.0
1032.0	17.0
1033.0	15.0
1034.0	7.0
1035.0	13.0
1036.0	12.0
1037.0	11.0
1038.0	17.0
1039.0	8.0
1040.0	8.0
1041.0	17.0
1042.0	8.0
1043.0	16.0
1044.0	10.0
1045.0	12.0
1046.0	12.0
1047.0	11.0
1048.0	13.0
1049.0	12.0
1050.0	14.0
1051.0	13.0
1052.0	15.0
1053.0	13.0
1054.0	5.0
1055.0	11.0
1056.0	9.0
1057.0	12.0
1058.0	7.0
1059.0	12.0
1060.0	10.0
1061.0	5.0
1062.0	10.0
1063.0	10.0
1064.0	7.0
1065.0	5.0
1066.0	11.0
1067.0	6.0
1068.0	7.0
1069.0	6.0
1070.0	8.0
1071.0	7.0
1072.0	7.0
1073.0	15.0
1074.0	9.0
1075.0	9.0
1076.0	10.0
1077.0	2.0
1078.0	4.0
1079.0	9.0
1080.0	9.0
1081.0	12.0
1082.0	8.0
1083.0	13.0
1084.0	15.0
1085.0	12.0
1086.0	12.0
1087.0	9.0
1088.0	8.0
1089.0	9.0
1090.0	9.0
1091.0	10.0
1092.0	11.0
1093.0	10.0
1094.0	11.0
1095.0	5.0
1096.0	6.0
1097.0	12.0
1098.0	7.0
1099.0	12.0
1100.0	15.0
1101.0	10.0
1102.0	6.0
1103.0	10.0
1104.0	5.0
1105.0	4.0
1106.0	8.0
1107.0	9.0
1108.0	6.0
1109.0	12.0
1110.0	5.0
1111.0	6.0
1112.0	7.0
1113.0	10.0
1114.0	8.0
1115.0	4.0
1116.0	9.0
1117.0	8.0
1118.0	7.0
1119.0	6.0
1120.0	6.0
1121.0	9.0
1122.0	7.0
1123.0	5.0
1124.0	3.0
1125.0	11.0
1126.0	5.0
1127.0	8.0
1128.0	6.0
1129.0	13.0
1130.0	7.0
1131.0	11.0
1132.0	12.0
1133.0	6.0
1134.0	10.0
1135.0	7.0
1136.0	7.0
1137.0	8.0
1138.0	6.0
1139.0	11.0
1140.0	7.0
1141.0	9.0
1142.0	5.0
1143.0	6.0
1144.0	12.0
1145.0	7.0
1146.0	12.0
1147.0	5.0
1148.0	10.0
1149.0	4.0
1150.0	14.0
1151.0	7.0
1152.0	7.0
1153.0	8.0
1154.0	2.0
1155.0	9.0
1156.0	7.0
1157.0	13.0
1158.0	8.0
1159.0	5.0
1160.0	9.0
1161.0	7.0
1162.0	6.0
1163.0	8.0
1164.0	4.0
1165.0	6.0
1166.0	8.0
1167.0	12.0
1168.0	5.0
1169.0	7.0
1170.0	7.0
1171.0	6.0
1172.0	11.0
1173.0	7.0
1174.0	9.0
1175.0	6.0
1176.0	12.0
1177.0	8.0
1178.0	10.0
1179.0	8.0
1180.0	9.0
1181.0	6.0
1182.0	6.0
1183.0	9.0
1184.0	7.0
1185.0	7.0
1186.0	6.0
1187.0	6.0
1188.0	12.0
1189.0	8.0
1190.0	9.0
1191.0	7.0
1192.0	3.0
1193.0	9.0
1194.0	6.0
1195.0	3.0
1196.0	9.0
1197.0	9.0
1198.0	4.0
1199.0	8.0
1200.0	3.0
1201.0	7.0
1202.0	6.0
1203.0	5.0
1204.0	7.0
1205.0	5.0
1206.0	3.0
1207.0	2.0
1208.0	1.0
1209.0	5.0
1210.0	6.0
1211.0	3.0
1212.0	3.0
1213.0	8.0
1214.0	3.0
1215.0	3.0
1216.0	3.0
1217.0	8.0
1218.0	2.0
1219.0	4.0
1220.0	3.0
1221.0	5.0
1222.0	5.0
1223.0	5.0
1224.0	5.0
1225.0	3.0
1226.0	2.0
1227.0	2.0
1228.0	4.0
1229.0	5.0
1230.0	2.0
1231.0	5.0
1232.0	4.0
1233.0	10.0
1234.0	6.0
1235.0	3.0
1236.0	7.0
1237.0	10.0
1238.0	1.0
1239.0	5.0
1240.0	4.0
1241.0	4.0
1242.0	5.0
1243.0	3.0
1244.0	6.0
1245.0	5.0
1246.0	8.0
1247.0	3.0
1248.0	2.0
1249.0	4.0
1250.0	5.0
1251.0	6.0
1252.0	2.0
1253.0	5.0
1254.0	3.0
1255.0	10.0
1256.0	6.0
1257.0	5.0
1258.0	7.0
1259.0	5.0
1260.0	6.0
1261.0	7.0
1262.0	3.0
1263.0	8.0
1264.0	7.0
1265.0	14.0
1266.0	3.0
1267.0	4.0
1268.0	8.0
1269.0	4.0
1270.0	3.0
1271.0	6.0
1272.0	6.0
1273.0	3.0
1274.0	3.0
1275.0	3.0
1276.0	3.0
1277.0	5.0
1278.0	5.0
1279.0	7.0
1280.0	2.0
1281.0	5.0
1282.0	6.0
1283.0	5.0
1284.0	4.0
1285.0	3.0
1286.0	6.0
1287.0	4.0
1288.0	5.0
1289.0	6.0
1290.0	4.0
1291.0	6.0
1292.0	2.0
1293.0	5.0
1294.0	4.0
1295.0	4.0
1296.0	5.0
1297.0	6.0
1298.0	3.0
1299.0	5.0
1300.0	6.0
1301.0	7.0
1302.0	2.0
1303.0	4.0
1304.0	4.0
1305.0	4.0
1306.0	6.0
1307.0	4.0
1308.0	2.0
1309.0	2.0
1310.0	7.0
1311.0	7.0
1312.0	6.0
1313.0	1.0
1314.0	6.0
1315.0	9.0
1316.0	4.0
1317.0	6.0
1318.0	2.0
1319.0	3.0
1320.0	6.0
1321.0	4.0
1322.0	4.0
1323.0	10.0
1324.0	4.0
1325.0	4.0
1326.0	6.0
1327.0	3.0
1328.0	5.0
1329.0	8.0
1330.0	4.0
1331.0	5.0
1332.0	2.0
1333.0	4.0
1334.0	8.0
1335.0	6.0
1336.0	5.0
1337.0	5.0
1338.0	7.0
1339.0	4.0
1340.0	4.0
1341.0	2.0
1342.0	4.0
1343.0	5.0
1344.0	6.0
1345.0	3.0
1346.0	4.0
1347.0	4.0
1348.0	3.0
1349.0	6.0
1350.0	5.0
1351.0	6.0
1352.0	9.0
1353.0	2.0
1354.0	8.0
1355.0	5.0
1356.0	6.0
1357.0	5.0
1358.0	5.0
1359.0	11.0
1360.0	3.0
1361.0	13.0
1362.0	7.0
1363.0	8.0
1364.0	4.0
1365.0	8.0
1366.0	4.0
1367.0	4.0
1368.0	3.0
1369.0	8.0
1370.0	11.0
1371.0	8.0
1372.0	7.0
1373.0	7.0
1374.0	4.0
1375.0	5.0
1376.0	3.0
1377.0	2.0
1378.0	3.0
1379.0	5.0
1380.0	5.0
1381.0	5.0
1382.0	8.0
1383.0	7.0
1384.0	4.0
1385.0	7.0
1386.0	2.0
1387.0	3.0
1388.0	3.0
1389.0	6.0
1390.0	8.0
1391.0	3.0
1392.0	3.0
1393.0	3.0
1394.0	4.0
1395.0	10.0
1396.0	5.0
1397.0	5.0
1398.0	10.0
1399.0	4.0
1400.0	3.0
1401.0	6.0
1402.0	6.0
1403.0	7.0
1404.0	3.0
1405.0	1.0
1406.0	4.0
1407.0	9.0
1408.0	5.0
1409.0	4.0
1410.0	7.0
1411.0	6.0
1412.0	5.0
1413.0	3.0
1414.0	10.0
1415.0	4.0
1416.0	5.0
1417.0	4.0
1418.0	4.0
1419.0	1.0
1420.0	5.0
1421.0	5.0
1422.0	5.0
1423.0	4.0
1424.0	9.0
1425.0	4.0
1426.0	2.0
1427.0	9.0
1428.0	5.0
1429.0	2.0
1430.0	7.0
1431.0	6.0
1432.0	4.0
1433.0	3.0
1434.0	5.0
1435.0	10.0
1436.0	5.0
1437.0	5.0
1438.0	4.0
1439.0	3.0
1440.0	1.0
1441.0	3.0
1442.0	3.0
1443.0	4.0
1444.0	5.0
1446.0	5.0
1447.0	5.0
1448.0	6.0
1449.0	3.0
1450.0	5.0
1451.0	7.0
1452.0	4.0
1454.0	4.0
1455.0	3.0
1456.0	3.0
1457.0	3.0
1458.0	5.0
1459.0	3.0
1460.0	6.0
1461.0	8.0
1462.0	3.0
1463.0	5.0
1464.0	4.0
1465.0	5.0
1466.0	4.0
1467.0	7.0
1468.0	3.0
1469.0	6.0
1470.0	8.0
1471.0	5.0
1472.0	9.0
1473.0	10.0
1474.0	4.0
1475.0	6.0
1476.0	4.0
1477.0	7.0
1478.0	8.0
1479.0	6.0
1480.0	9.0
1482.0	4.0
1483.0	4.0
1484.0	8.0
1485.0	4.0
1486.0	3.0
1487.0	3.0
1488.0	2.0
1489.0	4.0
1490.0	4.0
1492.0	4.0
1494.0	3.0
1495.0	3.0
1496.0	2.0
1497.0	1.0
1498.0	5.0
1499.0	2.0
1500.0	1.0
1501.0	3.0
1502.0	5.0
1503.0	5.0
1504.0	3.0
1505.0	5.0
1506.0	2.0
1507.0	2.0
1508.0	4.0
1509.0	3.0
1510.0	5.0
1511.0	2.0
1512.0	3.0
1513.0	2.0
1514.0	3.0
1515.0	5.0
1516.0	4.0
1517.0	3.0
1518.0	3.0
1519.0	4.0
1520.0	5.0
1521.0	7.0
1522.0	7.0
1523.0	2.0
1524.0	2.0
1525.0	5.0
1526.0	4.0
1527.0	3.0
1528.0	2.0
1529.0	3.0
1530.0	8.0
1531.0	4.0
1532.0	6.0
1533.0	4.0
1534.0	4.0
1536.0	6.0
1537.0	3.0
1538.0	8.0
1539.0	3.0
1540.0	7.0
1541.0	3.0
1542.0	4.0
1543.0	10.0
1544.0	2.0
1545.0	6.0
1546.0	6.0
1547.0	2.0
1548.0	5.0
1549.0	2.0
1550.0	5.0
1551.0	4.0
1552.0	5.0
1553.0	9.0
1554.0	2.0
1555.0	4.0
1556.0	6.0
1557.0	3.0
1558.0	5.0
1559.0	7.0
1560.0	1.0
1561.0	6.0
1562.0	3.0
1563.0	4.0
1564.0	4.0
1565.0	2.0
1566.0	2.0
1567.0	5.0
1568.0	1.0
1569.0	2.0
1570.0	4.0
1571.0	5.0
1572.0	3.0
1573.0	3.0
1574.0	3.0
1575.0	4.0
1576.0	2.0
1577.0	3.0
1579.0	1.0
1580.0	1.0
1582.0	3.0
1583.0	1.0
1584.0	2.0
1586.0	4.0
1587.0	3.0
1588.0	3.0
1589.0	1.0
1590.0	3.0
1591.0	2.0
1592.0	1.0
1593.0	3.0
1594.0	3.0
1595.0	1.0
1596.0	1.0
1597.0	2.0
1598.0	1.0
1599.0	2.0
1600.0	2.0
1601.0	3.0
1602.0	4.0
1604.0	1.0
1605.0	2.0
1607.0	3.0
1608.0	3.0
1609.0	3.0
1610.0	1.0
1611.0	2.0
1612.0	3.0
1613.0	2.0
1614.0	1.0
1615.0	1.0
1617.0	3.0
1618.0	3.0
1619.0	3.0
1620.0	1.0
1621.0	1.0
1622.0	3.0
1624.0	3.0
1625.0	3.0
1626.0	2.0
1627.0	3.0
1629.0	1.0
1630.0	1.0
1631.0	1.0
1632.0	2.0
1633.0	1.0
1634.0	3.0
1635.0	1.0
1636.0	1.0
1637.0	2.0
1638.0	2.0
1639.0	2.0
1641.0	1.0
1645.0	2.0
1647.0	2.0
1648.0	2.0
1649.0	3.0
1650.0	1.0
1651.0	4.0
1653.0	2.0
1654.0	3.0
1655.0	1.0
1656.0	1.0
1657.0	2.0
1661.0	1.0
1662.0	2.0
1663.0	1.0
1664.0	1.0
1666.0	2.0
1667.0	2.0
1668.0	2.0
1669.0	4.0
1670.0	1.0
1671.0	1.0
1673.0	6.0
1674.0	2.0
1675.0	2.0
1676.0	2.0
1677.0	1.0
1678.0	2.0
1679.0	3.0
1680.0	1.0
1681.0	1.0
1682.0	2.0
1683.0	3.0
1684.0	1.0
1685.0	1.0
1686.0	2.0
1689.0	2.0
1690.0	1.0
1691.0	3.0
1693.0	2.0
1697.0	3.0
1698.0	1.0
1699.0	2.0
1700.0	2.0
1701.0	1.0
1702.0	3.0
1703.0	2.0
1704.0	1.0
1705.0	2.0
1706.0	5.0
1707.0	2.0
1708.0	2.0
1710.0	2.0
1711.0	1.0
1713.0	3.0
1714.0	2.0
1717.0	1.0
1718.0	2.0
1719.0	2.0
1720.0	2.0
1721.0	1.0
1722.0	3.0
1723.0	3.0
1725.0	3.0
1726.0	1.0
1727.0	2.0
1729.0	4.0
1730.0	2.0
1731.0	2.0
1733.0	2.0
1735.0	1.0
1737.0	4.0
1738.0	3.0
1739.0	2.0
1740.0	2.0
1742.0	3.0
1743.0	2.0
1744.0	2.0
1745.0	1.0
1746.0	2.0
1748.0	4.0
1750.0	3.0
1751.0	1.0
1752.0	2.0
1754.0	2.0
1755.0	1.0
1756.0	4.0
1757.0	1.0
1759.0	1.0
1760.0	2.0
1761.0	2.0
1762.0	1.0
1763.0	4.0
1768.0	2.0
1769.0	5.0
1770.0	5.0
1771.0	3.0
1772.0	2.0
1773.0	2.0
1774.0	2.0
1775.0	1.0
1777.0	2.0
1778.0	1.0
1780.0	2.0
1781.0	3.0
1783.0	2.0
1784.0	2.0
1785.0	1.0
1786.0	5.0
1787.0	5.0
1788.0	4.0
1789.0	1.0
1790.0	2.0
1791.0	2.0
1792.0	2.0
1796.0	1.0
1798.0	7.0
1800.0	4.0
1801.0	4.0
1802.0	2.0
1803.0	1.0
1804.0	2.0
1805.0	1.0
1806.0	2.0
1807.0	2.0
1808.0	3.0
1809.0	1.0
1810.0	1.0
1811.0	1.0
1812.0	2.0
1813.0	3.0
1814.0	2.0
1815.0	3.0
1816.0	1.0
1817.0	4.0
1818.0	1.0
1819.0	1.0
1820.0	4.0
1821.0	1.0
1822.0	1.0
1823.0	3.0
1824.0	3.0
1825.0	2.0
1826.0	2.0
1827.0	3.0
1828.0	2.0
1829.0	5.0
1830.0	1.0
1831.0	2.0
1832.0	1.0
1833.0	3.0
1834.0	1.0
1835.0	4.0
1836.0	2.0
1837.0	7.0
1838.0	2.0
1839.0	4.0
1840.0	2.0
1841.0	2.0
1842.0	2.0
1843.0	2.0
1844.0	1.0
1845.0	2.0
1846.0	4.0
1847.0	3.0
1848.0	6.0
1849.0	3.0
1850.0	2.0
1851.0	4.0
1852.0	1.0
1853.0	7.0
1854.0	1.0
1855.0	2.0
1856.0	2.0
1857.0	2.0
1858.0	3.0
1859.0	2.0
1860.0	2.0
1861.0	4.0
1862.0	2.0
1863.0	3.0
1864.0	7.0
1865.0	5.0
1866.0	2.0
1868.0	4.0
1869.0	1.0
1870.0	2.0
1872.0	4.0
1874.0	1.0
1875.0	6.0
1876.0	1.0
1878.0	3.0
1879.0	3.0
1881.0	2.0
1882.0	5.0
1883.0	1.0
1884.0	2.0
1885.0	3.0
1886.0	2.0
1887.0	9.0
1888.0	2.0
1889.0	1.0
1890.0	5.0
1892.0	2.0
1894.0	1.0
1895.0	1.0
1896.0	3.0
1899.0	1.0
1900.0	1.0
1901.0	1.0
1902.0	3.0
1903.0	1.0
1904.0	2.0
1905.0	2.0
1906.0	2.0
1907.0	1.0
1908.0	3.0
1910.0	3.0
1911.0	1.0
1914.0	5.0
1916.0	4.0
1917.0	1.0
1918.0	1.0
1919.0	1.0
1920.0	3.0
1921.0	1.0
1922.0	1.0
1923.0	2.0
1924.0	3.0
1925.0	3.0
1926.0	1.0
1927.0	3.0
1928.0	1.0
1930.0	3.0
1931.0	1.0
1932.0	2.0
1933.0	2.0
1935.0	1.0
1936.0	2.0
1937.0	3.0
1938.0	5.0
1939.0	1.0
1940.0	1.0
1941.0	1.0
1942.0	2.0
1944.0	2.0
1945.0	1.0
1946.0	3.0
1947.0	3.0
1948.0	1.0
1949.0	3.0
1950.0	1.0
1951.0	4.0
1952.0	1.0
1953.0	5.0
1954.0	3.0
1955.0	1.0
1956.0	2.0
1957.0	3.0
1958.0	2.0
1959.0	3.0
1960.0	3.0
1961.0	6.0
1962.0	6.0
1963.0	1.0
1965.0	1.0
1966.0	1.0
1967.0	3.0
1969.0	2.0
1970.0	1.0
1971.0	2.0
1972.0	2.0
1973.0	2.0
1974.0	1.0
1975.0	1.0
1977.0	4.0
1978.0	2.0
1979.0	1.0
1980.0	1.0
1981.0	1.0
1982.0	1.0
1983.0	3.0
1985.0	2.0
1986.0	2.0
1990.0	2.0
1992.0	2.0
1993.0	1.0
1994.0	4.0
1995.0	1.0
1996.0	3.0
1998.0	1.0
1999.0	1.0
2000.0	1.0
2001.0	2.0
2002.0	1.0
2004.0	3.0
2005.0	2.0
2006.0	1.0
2007.0	1.0
2008.0	1.0
2009.0	1.0
2010.0	1.0
2013.0	1.0
2014.0	1.0
2015.0	1.0
2016.0	1.0
2017.0	1.0
2018.0	1.0
2019.0	3.0
2020.0	1.0
2021.0	1.0
2022.0	2.0
2023.0	1.0
2025.0	3.0
2026.0	3.0
2027.0	1.0
2028.0	1.0
2029.0	1.0
2030.0	1.0
2031.0	1.0
2032.0	3.0
2033.0	3.0
2034.0	2.0
2035.0	3.0
2036.0	1.0
2037.0	1.0
2038.0	2.0
2039.0	1.0
2040.0	1.0
2042.0	2.0
2043.0	2.0
2045.0	1.0
2046.0	5.0
2047.0	1.0
2048.0	1.0
2049.0	3.0
2050.0	3.0
2051.0	3.0
2052.0	3.0
2053.0	1.0
2054.0	4.0
2055.0	2.0
2056.0	1.0
2058.0	3.0
2060.0	4.0
2061.0	2.0
2062.0	1.0
2063.0	3.0
2064.0	2.0
2066.0	1.0
2067.0	2.0
2069.0	2.0
2070.0	1.0
2071.0	2.0
2072.0	3.0
2073.0	2.0
2074.0	1.0
2075.0	1.0
2076.0	3.0
2078.0	4.0
2079.0	1.0
2080.0	1.0
2081.0	2.0
2082.0	4.0
2083.0	2.0
2084.0	3.0
2085.0	4.0
2086.0	3.0
2087.0	2.0
2088.0	3.0
2089.0	3.0
2092.0	1.0
2093.0	1.0
2094.0	3.0
2095.0	4.0
2098.0	1.0
2099.0	4.0
2100.0	2.0
2101.0	1.0
2102.0	1.0
2104.0	3.0
2105.0	1.0
2106.0	2.0
2107.0	2.0
2108.0	1.0
2109.0	1.0
2110.0	2.0
2111.0	1.0
2112.0	2.0
2113.0	3.0
2114.0	3.0
2115.0	1.0
2116.0	3.0
2117.0	1.0
2118.0	1.0
2119.0	1.0
2120.0	4.0
2121.0	4.0
2122.0	4.0
2123.0	1.0
2124.0	1.0
2125.0	1.0
2126.0	2.0
2127.0	2.0
2128.0	4.0
2130.0	2.0
2132.0	3.0
2133.0	1.0
2134.0	5.0
2135.0	3.0
2136.0	5.0
2138.0	4.0
2139.0	2.0
2140.0	4.0
2141.0	3.0
2142.0	5.0
2143.0	3.0
2144.0	4.0
2145.0	3.0
2146.0	4.0
2147.0	4.0
2148.0	3.0
2149.0	2.0
2150.0	2.0
2151.0	1.0
2152.0	1.0
2153.0	2.0
2154.0	2.0
2155.0	2.0
2156.0	2.0
2157.0	3.0
2158.0	1.0
2159.0	1.0
2160.0	2.0
2161.0	1.0
2162.0	2.0
2163.0	1.0
2164.0	2.0
2165.0	2.0
2166.0	1.0
2169.0	1.0
2170.0	1.0
2171.0	2.0
2172.0	2.0
2175.0	2.0
2176.0	1.0
2177.0	1.0
2178.0	2.0
2179.0	2.0
2180.0	1.0
2182.0	2.0
2183.0	1.0
2184.0	3.0
2185.0	1.0
2186.0	2.0
2187.0	2.0
2188.0	3.0
2189.0	4.0
2190.0	2.0
2192.0	2.0
2193.0	3.0
2194.0	2.0
2195.0	1.0
2196.0	1.0
2197.0	3.0
2198.0	1.0
2199.0	2.0
2200.0	4.0
2201.0	2.0
2202.0	2.0
2203.0	2.0
2204.0	1.0
2205.0	3.0
2206.0	2.0
2208.0	1.0
2209.0	2.0
2210.0	2.0
2212.0	3.0
2213.0	3.0
2214.0	1.0
2215.0	3.0
2216.0	2.0
2217.0	1.0
2218.0	3.0
2220.0	2.0
2221.0	1.0
2222.0	3.0
2223.0	4.0
2224.0	2.0
2225.0	1.0
2226.0	1.0
2227.0	3.0
2228.0	2.0
2229.0	4.0
2231.0	1.0
2233.0	3.0
2235.0	1.0
2236.0	1.0
2237.0	5.0
2239.0	1.0
2240.0	3.0
2241.0	2.0
2242.0	1.0
2244.0	1.0
2245.0	3.0
2246.0	3.0
2247.0	1.0
2248.0	2.0
2249.0	5.0
2250.0	4.0
2251.0	2.0
2252.0	3.0
2253.0	2.0
2254.0	3.0
2257.0	3.0
2258.0	3.0
2259.0	1.0
2260.0	2.0
2261.0	4.0
2263.0	5.0
2264.0	2.0
2265.0	2.0
2266.0	2.0
2267.0	5.0
2268.0	1.0
2269.0	2.0
2270.0	3.0
2271.0	3.0
2272.0	2.0
2273.0	2.0
2274.0	4.0
2275.0	5.0
2276.0	6.0
2277.0	2.0
2278.0	2.0
2280.0	2.0
2281.0	1.0
2282.0	5.0
2283.0	1.0
2284.0	1.0
2285.0	1.0
2286.0	1.0
2287.0	2.0
2289.0	4.0
2290.0	1.0
2291.0	2.0
2292.0	2.0
2293.0	2.0
2295.0	1.0
2296.0	3.0
2297.0	2.0
2299.0	2.0
2300.0	1.0
2301.0	2.0
2302.0	5.0
2303.0	4.0
2305.0	5.0
2306.0	1.0
2307.0	2.0
2308.0	2.0
2309.0	1.0
2310.0	1.0
2311.0	1.0
2312.0	5.0
2313.0	6.0
2314.0	5.0
2315.0	2.0
2316.0	4.0
2317.0	3.0
2318.0	3.0
2319.0	4.0
2320.0	5.0
2321.0	3.0
2322.0	4.0
2323.0	4.0
2324.0	1.0
2325.0	2.0
2326.0	2.0
2327.0	5.0
2328.0	6.0
2329.0	5.0
2330.0	2.0
2331.0	3.0
2332.0	3.0
2333.0	1.0
2335.0	3.0
2336.0	4.0
2337.0	6.0
2338.0	9.0
2339.0	5.0
2340.0	4.0
2341.0	1.0
2342.0	2.0
2343.0	5.0
2344.0	6.0
2345.0	2.0
2346.0	2.0
2347.0	2.0
2348.0	6.0
2349.0	6.0
2350.0	6.0
2351.0	3.0
2352.0	4.0
2353.0	2.0
2354.0	2.0
2355.0	2.0
2356.0	2.0
2357.0	4.0
2358.0	3.0
2359.0	1.0
2360.0	5.0
2361.0	2.0
2362.0	5.0
2363.0	5.0
2364.0	2.0
2365.0	4.0
2367.0	3.0
2368.0	1.0
2370.0	3.0
2371.0	1.0
2373.0	3.0
2374.0	2.0
2375.0	4.0
2376.0	1.0
2377.0	1.0
2378.0	1.0
2379.0	2.0
2381.0	1.0
2382.0	2.0
2383.0	2.0
2384.0	3.0
2385.0	1.0
2386.0	1.0
2387.0	1.0
2388.0	1.0
2389.0	3.0
2390.0	1.0
2391.0	6.0
2392.0	1.0
2394.0	3.0
2395.0	4.0
2396.0	4.0
2397.0	4.0
2398.0	2.0
2399.0	1.0
2400.0	3.0
2401.0	1.0
2403.0	3.0
2404.0	3.0
2405.0	2.0
2406.0	1.0
2407.0	1.0
2408.0	2.0
2409.0	3.0
2411.0	2.0
2412.0	1.0
2414.0	3.0
2415.0	1.0
2416.0	2.0
2417.0	2.0
2418.0	2.0
2420.0	2.0
2421.0	1.0
2422.0	2.0
2423.0	1.0
2424.0	1.0
2425.0	3.0
2426.0	4.0
2427.0	1.0
2428.0	2.0
2432.0	3.0
2433.0	5.0
2434.0	1.0
2435.0	2.0
2436.0	7.0
2437.0	2.0
2438.0	2.0
2441.0	6.0
2442.0	1.0
2443.0	3.0
2444.0	3.0
2445.0	3.0
2446.0	2.0
2447.0	2.0
2448.0	3.0
2449.0	2.0
2450.0	2.0
2451.0	1.0
2452.0	2.0
2453.0	1.0
2454.0	1.0
2455.0	3.0
2457.0	1.0
2459.0	4.0
2460.0	1.0
2461.0	1.0
2462.0	2.0
2463.0	1.0
2465.0	1.0
2466.0	3.0
2467.0	2.0
2470.0	2.0
2472.0	2.0
2473.0	1.0
2474.0	1.0
2475.0	2.0
2476.0	1.0
2477.0	2.0
2478.0	1.0
2479.0	1.0
2480.0	1.0
2481.0	1.0
2482.0	1.0
2485.0	2.0
2486.0	5.0
2487.0	2.0
2489.0	4.0
2490.0	1.0
2491.0	1.0
2492.0	2.0
2493.0	1.0
2494.0	2.0
2496.0	1.0
2497.0	2.0
2498.0	2.0
2499.0	1.0
2500.0	1.0
2501.0	3.0
2503.0	1.0
2504.0	2.0
2506.0	1.0
2507.0	1.0
2509.0	3.0
2510.0	2.0
2511.0	3.0
2512.0	1.0
2513.0	5.0
2514.0	1.0
2517.0	1.0
2519.0	1.0
2520.0	5.0
2521.0	1.0
2522.0	1.0
2523.0	2.0
2524.0	1.0
2525.0	2.0
2526.0	1.0
2527.0	3.0
2528.0	2.0
2529.0	1.0
2530.0	1.0
2531.0	1.0
2532.0	3.0
2533.0	4.0
2535.0	3.0
2536.0	3.0
2537.0	3.0
2539.0	1.0
2540.0	1.0
2541.0	2.0
2542.0	3.0
2543.0	2.0
2544.0	3.0
2545.0	3.0
2546.0	2.0
2547.0	3.0
2548.0	2.0
2549.0	2.0
2551.0	2.0
2552.0	5.0
2553.0	2.0
2554.0	1.0
2555.0	1.0
2556.0	2.0
2557.0	2.0
2558.0	2.0
2559.0	3.0
2560.0	3.0
2561.0	1.0
2562.0	1.0
2563.0	1.0
2565.0	2.0
2566.0	3.0
2567.0	3.0
2568.0	2.0
2569.0	4.0
2570.0	2.0
2571.0	2.0
2572.0	1.0
2575.0	3.0
2577.0	2.0
2578.0	1.0
2579.0	1.0
2580.0	1.0
2581.0	1.0
2583.0	3.0
2585.0	2.0
2586.0	2.0
2587.0	1.0
2588.0	1.0
2590.0	3.0
2591.0	1.0
2592.0	1.0
2594.0	1.0
2595.0	2.0
2596.0	3.0
2597.0	2.0
2598.0	1.0
2599.0	2.0
2600.0	1.0
2601.0	2.0
2602.0	4.0
2603.0	2.0
2604.0	2.0
2605.0	1.0
2606.0	2.0
2607.0	3.0
2608.0	2.0
2609.0	2.0
2610.0	5.0
2611.0	3.0
2612.0	1.0
2613.0	3.0
2614.0	2.0
2615.0	1.0
2616.0	1.0
2617.0	2.0
2618.0	2.0
2620.0	3.0
2621.0	1.0
2622.0	4.0
2623.0	2.0
2624.0	1.0
2625.0	4.0
2626.0	3.0
2627.0	3.0
2628.0	2.0
2629.0	1.0
2630.0	1.0
2631.0	1.0
2632.0	2.0
2633.0	3.0
2634.0	2.0
2636.0	3.0
2637.0	1.0
2639.0	1.0
2641.0	1.0
2642.0	3.0
2643.0	1.0
2644.0	3.0
2645.0	2.0
2649.0	1.0
2651.0	2.0
2652.0	1.0
2653.0	2.0
2658.0	1.0
2659.0	4.0
2660.0	1.0
2661.0	1.0
2662.0	1.0
2664.0	1.0
2665.0	1.0
2666.0	1.0
2667.0	1.0
2669.0	1.0
2670.0	1.0
2673.0	4.0
2675.0	4.0
2676.0	1.0
2678.0	4.0
2679.0	1.0
2682.0	2.0
2683.0	2.0
2684.0	1.0
2686.0	1.0
2687.0	1.0
2688.0	1.0
2689.0	1.0
2691.0	2.0
2692.0	2.0
2693.0	2.0
2695.0	1.0
2696.0	1.0
2697.0	2.0
2698.0	2.0
2700.0	1.0
2701.0	3.0
2702.0	2.0
2703.0	1.0
2704.0	1.0
2705.0	5.0
2706.0	2.0
2707.0	2.0
2708.0	2.0
2710.0	1.0
2711.0	1.0
2712.0	2.0
2713.0	1.0
2714.0	1.0
2715.0	3.0
2716.0	3.0
2717.0	1.0
2718.0	2.0
2719.0	1.0
2720.0	3.0
2721.0	2.0
2723.0	1.0
2726.0	2.0
2727.0	1.0
2728.0	1.0
2729.0	1.0
2731.0	1.0
2732.0	1.0
2734.0	1.0
2739.0	1.0
2742.0	1.0
2743.0	2.0
2744.0	2.0
2746.0	2.0
2747.0	1.0
2750.0	2.0
2752.0	1.0
2753.0	1.0
2754.0	1.0
2755.0	2.0
2756.0	1.0
2758.0	1.0
2759.0	1.0
2760.0	1.0
2763.0	2.0
2764.0	1.0
2765.0	1.0
2768.0	2.0
2769.0	1.0
2770.0	1.0
2771.0	2.0
2773.0	1.0
2774.0	1.0
2775.0	4.0
2779.0	1.0
2780.0	1.0
2781.0	2.0
2784.0	1.0
2789.0	2.0
2791.0	1.0
2792.0	1.0
2793.0	1.0
2794.0	2.0
2796.0	2.0
2797.0	1.0
2800.0	2.0
2801.0	2.0
2803.0	2.0
2805.0	1.0
2807.0	1.0
2808.0	1.0
2810.0	1.0
2812.0	2.0
2817.0	1.0
2819.0	2.0
2820.0	2.0
2822.0	1.0
2823.0	2.0
2827.0	1.0
2828.0	1.0
2829.0	1.0
2830.0	1.0
2831.0	1.0
2832.0	2.0
2834.0	2.0
2838.0	2.0
2840.0	1.0
2842.0	2.0
2845.0	1.0
2846.0	1.0
2847.0	1.0
2848.0	1.0
2849.0	3.0
2854.0	1.0
2856.0	1.0
2857.0	2.0
2858.0	1.0
2860.0	2.0
2861.0	1.0
2863.0	1.0
2866.0	3.0
2867.0	1.0
2871.0	1.0
2872.0	1.0
2873.0	1.0
2876.0	1.0
2877.0	1.0
2878.0	1.0
2881.0	1.0
2882.0	2.0
2883.0	1.0
2884.0	1.0
2886.0	2.0
2888.0	1.0
2891.0	1.0
2894.0	2.0
2895.0	1.0
2896.0	1.0
2898.0	1.0
2900.0	1.0
2901.0	1.0
2906.0	1.0
2910.0	1.0
2911.0	1.0
2912.0	2.0
2913.0	1.0
2914.0	2.0
2917.0	1.0
2919.0	1.0
2922.0	1.0
2923.0	1.0
2924.0	2.0
2925.0	2.0
2927.0	2.0
2930.0	1.0
2931.0	2.0
2933.0	1.0
2934.0	1.0
2935.0	2.0
2938.0	2.0
2940.0	1.0
2943.0	1.0
2944.0	1.0
2946.0	1.0
2949.0	1.0
2950.0	1.0
2954.0	1.0
2955.0	1.0
2958.0	1.0
2959.0	2.0
2962.0	1.0
2965.0	1.0
2967.0	2.0
2971.0	1.0
2972.0	1.0
2975.0	1.0
2978.0	2.0
2980.0	2.0
2984.0	3.0
2987.0	2.0
2988.0	1.0
2989.0	2.0
2990.0	1.0
2991.0	4.0
3002.0	1.0
3005.0	1.0
3010.0	1.0
3011.0	1.0
3012.0	2.0
3014.0	1.0
3015.0	1.0
3016.0	1.0
3017.0	1.0
3019.0	3.0
3020.0	1.0
3023.0	1.0
3027.0	1.0
3031.0	1.0
3034.0	1.0
3035.0	1.0
3036.0	2.0
3038.0	1.0
3040.0	2.0
3046.0	3.0
3048.0	1.0
3051.0	1.0
3052.0	1.0
3055.0	1.0
3056.0	1.0
3059.0	1.0
3063.0	1.0
3065.0	1.0
3066.0	1.0
3069.0	1.0
3075.0	1.0
3076.0	3.0
3080.0	1.0
3081.0	1.0
3082.0	1.0
3083.0	1.0
3085.0	1.0
3086.0	2.0
3087.0	2.0
3088.0	1.0
3089.0	1.0
3092.0	1.0
3095.0	1.0
3097.0	1.0
3100.0	2.0
3101.0	1.0
3102.0	2.0
3105.0	1.0
3107.0	1.0
3108.0	1.0
3109.0	1.0
3114.0	2.0
3117.0	1.0
3124.0	1.0
3129.0	2.0
3131.0	1.0
3132.0	3.0
3133.0	1.0
3135.0	1.0
3138.0	2.0
3140.0	1.0
3144.0	1.0
3147.0	1.0
3149.0	2.0
3153.0	1.0
3154.0	2.0
3155.0	2.0
3156.0	1.0
3159.0	2.0
3160.0	1.0
3161.0	2.0
3162.0	1.0
3164.0	1.0
3167.0	2.0
3169.0	1.0
3172.0	1.0
3174.0	1.0
3175.0	3.0
3177.0	1.0
3178.0	1.0
3180.0	1.0
3181.0	1.0
3185.0	1.0
3187.0	2.0
3188.0	1.0
3190.0	1.0
3194.0	2.0
3196.0	1.0
3198.0	1.0
3200.0	2.0
3202.0	2.0
3203.0	1.0
3205.0	1.0
3206.0	2.0
3207.0	3.0
3208.0	2.0
3210.0	1.0
3213.0	2.0
3214.0	1.0
3215.0	2.0
3217.0	2.0
3220.0	1.0
3223.0	1.0
3225.0	2.0
3226.0	1.0
3228.0	1.0
3230.0	1.0
3233.0	1.0
3234.0	2.0
3235.0	1.0
3236.0	2.0
3238.0	3.0
3240.0	2.0
3242.0	3.0
3244.0	2.0
3246.0	1.0
3247.0	1.0
3249.0	1.0
3250.0	3.0
3251.0	2.0
3252.0	3.0
3253.0	1.0
3255.0	1.0
3256.0	2.0
3257.0	1.0
3258.0	1.0
3259.0	3.0
3261.0	2.0
3267.0	3.0
3269.0	1.0
3272.0	1.0
3275.0	1.0
3276.0	1.0
3280.0	1.0
3287.0	2.0
3288.0	1.0
3290.0	2.0
3294.0	1.0
3295.0	1.0
3297.0	2.0
3298.0	1.0
3301.0	1.0
3303.0	1.0
3307.0	1.0
3312.0	1.0
3314.0	1.0
3315.0	1.0
3316.0	1.0
3322.0	1.0
3325.0	1.0
3328.0	1.0
3331.0	1.0
3332.0	2.0
3336.0	2.0
3337.0	1.0
3338.0	3.0
3344.0	1.0
3349.0	1.0
3351.0	1.0
3354.0	1.0
3355.0	1.0
3356.0	1.0
3357.0	2.0
3361.0	2.0
3367.0	4.0
3369.0	1.0
3371.0	1.0
3375.0	2.0
3379.0	1.0
3381.0	1.0
3382.0	1.0
3384.0	1.0
3385.0	1.0
3386.0	1.0
3389.0	1.0
3390.0	1.0
3391.0	1.0
3394.0	1.0
3396.0	1.0
3398.0	1.0
3403.0	1.0
3405.0	1.0
3406.0	2.0
3412.0	2.0
3414.0	1.0
3416.0	1.0
3417.0	1.0
3425.0	1.0
3428.0	1.0
3430.0	1.0
3431.0	1.0
3434.0	2.0
3435.0	1.0
3436.0	1.0
3439.0	2.0
3441.0	3.0
3442.0	1.0
3445.0	1.0
3448.0	1.0
3450.0	1.0
3452.0	1.0
3454.0	1.0
3455.0	4.0
3459.0	2.0
3461.0	1.0
3463.0	1.0
3465.0	1.0
3466.0	1.0
3468.0	2.0
3472.0	1.0
3473.0	1.0
3474.0	1.0
3476.0	1.0
3477.0	2.0
3479.0	1.0
3482.0	2.0
3483.0	1.0
3486.0	1.0
3488.0	3.0
3491.0	3.0
3494.0	2.0
3497.0	1.0
3498.0	1.0
3499.0	1.0
3501.0	3.0
3502.0	2.0
3503.0	1.0
3506.0	1.0
3507.0	2.0
3508.0	1.0
3510.0	3.0
3511.0	4.0
3512.0	1.0
3515.0	2.0
3516.0	1.0
3518.0	1.0
3519.0	1.0
3521.0	1.0
3526.0	1.0
3531.0	2.0
3533.0	1.0
3535.0	1.0
3541.0	1.0
3543.0	1.0
3544.0	2.0
3546.0	1.0
3550.0	1.0
3551.0	2.0
3554.0	1.0
3556.0	1.0
3557.0	1.0
3560.0	1.0
3562.0	1.0
3563.0	1.0
3564.0	1.0
3565.0	1.0
3568.0	1.0
3569.0	1.0
3578.0	1.0
3580.0	1.0
3581.0	1.0
3582.0	1.0
3584.0	1.0
3586.0	1.0
3591.0	1.0
3597.0	1.0
3598.0	2.0
3600.0	2.0
3601.0	1.0
3602.0	2.0
3606.0	2.0
3608.0	1.0
3610.0	1.0
3615.0	2.0
3619.0	1.0
3620.0	1.0
3621.0	1.0
3622.0	1.0
3623.0	1.0
3625.0	1.0
3626.0	1.0
3628.0	1.0
3631.0	1.0
3635.0	1.0
3637.0	1.0
3639.0	1.0
3640.0	2.0
3642.0	1.0
3644.0	2.0
3645.0	1.0
3646.0	2.0
3648.0	1.0
3649.0	1.0
3652.0	1.0
3655.0	1.0
3657.0	1.0
3658.0	1.0
3659.0	3.0
3663.0	1.0
3664.0	2.0
3666.0	1.0
3668.0	1.0
3669.0	4.0
3671.0	1.0
3672.0	1.0
3677.0	1.0
3679.0	1.0
3680.0	1.0
3681.0	1.0
3682.0	1.0
3683.0	2.0
3684.0	1.0
3685.0	1.0
3686.0	1.0
3687.0	2.0
3689.0	3.0
3690.0	1.0
3692.0	1.0
3693.0	1.0
3694.0	1.0
3695.0	1.0
3698.0	1.0
3699.0	1.0
3704.0	1.0
3719.0	1.0
3721.0	2.0
3724.0	1.0
3727.0	1.0
3728.0	2.0
3729.0	1.0
3730.0	1.0
3739.0	1.0
3740.0	1.0
3741.0	1.0
3750.0	1.0
3751.0	2.0
3752.0	1.0
3754.0	1.0
3757.0	1.0
3758.0	1.0
3765.0	1.0
3769.0	1.0
3772.0	1.0
3774.0	2.0
3776.0	1.0
3778.0	1.0
3784.0	1.0
3786.0	1.0
3791.0	1.0
3793.0	1.0
3798.0	1.0
3802.0	2.0
3804.0	1.0
3806.0	1.0
3808.0	3.0
3810.0	1.0
3811.0	1.0
3814.0	2.0
3815.0	1.0
3816.0	1.0
3817.0	2.0
3820.0	1.0
3827.0	2.0
3828.0	1.0
3829.0	1.0
3833.0	1.0
3836.0	2.0
3838.0	3.0
3839.0	1.0
3841.0	1.0
3843.0	2.0
3844.0	1.0
3846.0	1.0
3849.0	2.0
3851.0	1.0
3852.0	3.0
3856.0	1.0
3858.0	1.0
3860.0	1.0
3861.0	1.0
3866.0	1.0
3871.0	1.0
3875.0	1.0
3886.0	2.0
3887.0	2.0
3890.0	1.0
3893.0	1.0
3908.0	1.0
3910.0	3.0
3911.0	2.0
3916.0	1.0
3917.0	2.0
3920.0	1.0
3921.0	1.0
3923.0	1.0
3927.0	1.0
3935.0	2.0
3938.0	1.0
3941.0	1.0
3944.0	1.0
3950.0	1.0
3952.0	1.0
3956.0	1.0
3960.0	1.0
3962.0	1.0
3965.0	1.0
3966.0	2.0
3969.0	1.0
3972.0	1.0
3974.0	1.0
3979.0	1.0
3980.0	1.0
3985.0	1.0
3987.0	1.0
3989.0	2.0
3990.0	3.0
3991.0	1.0
3993.0	1.0
3994.0	1.0
3995.0	1.0
3998.0	1.0
4000.0	2.0
4002.0	1.0
4011.0	1.0
4018.0	1.0
4030.0	1.0
4033.0	1.0
4061.0	1.0
4068.0	1.0
4069.0	1.0
4077.0	1.0
4082.0	1.0
4086.0	2.0
4089.0	1.0
4106.0	1.0
4107.0	1.0
4108.0	1.0
4113.0	1.0
4114.0	1.0
4135.0	1.0
4136.0	1.0
4139.0	1.0
4143.0	1.0
4147.0	1.0
4152.0	1.0
4153.0	1.0
4154.0	2.0
4157.0	1.0
4162.0	1.0
4174.0	1.0
4189.0	1.0
4192.0	1.0
4196.0	1.0
4203.0	1.0
4204.0	1.0
4210.0	1.0
4221.0	1.0
4222.0	1.0
4226.0	3.0
4241.0	1.0
4250.0	1.0
4258.0	1.0
4265.0	2.0
4267.0	1.0
4273.0	2.0
4275.0	2.0
4279.0	2.0
4280.0	1.0
4292.0	1.0
4298.0	1.0
4305.0	1.0
4309.0	1.0
4310.0	1.0
4313.0	1.0
4318.0	1.0
4320.0	1.0
4323.0	1.0
4330.0	2.0
4338.0	1.0
4346.0	1.0
4349.0	1.0
4356.0	1.0
4358.0	1.0
4359.0	1.0
4374.0	1.0
4380.0	1.0
4384.0	1.0
4392.0	1.0
4395.0	1.0
4398.0	1.0
4402.0	1.0
4404.0	1.0
4406.0	1.0
4407.0	1.0
4408.0	1.0
4415.0	1.0
4418.0	1.0
4425.0	1.0
4441.0	1.0
4442.0	1.0
4447.0	1.0
4451.0	1.0
4452.0	1.0
4457.0	1.0
4464.0	1.0
4478.0	1.0
4480.0	2.0
4483.0	1.0
4487.0	1.0
4492.0	1.0
4499.0	1.0
4500.0	1.0
4508.0	1.0
4510.0	1.0
4512.0	1.0
4518.0	1.0
4522.0	1.0
4524.0	1.0
4529.0	1.0
4531.0	1.0
4540.0	2.0
4558.0	2.0
4559.0	1.0
4560.0	1.0
4565.0	1.0
4566.0	1.0
4571.0	1.0
4573.0	1.0
4574.0	1.0
4591.0	1.0
4592.0	1.0
4594.0	1.0
4598.0	1.0
4604.0	1.0
4608.0	2.0
4612.0	1.0
4616.0	2.0
4618.0	1.0
4620.0	2.0
4623.0	3.0
4629.0	1.0
4630.0	1.0
4635.0	1.0
4639.0	1.0
4646.0	1.0
4652.0	1.0
4655.0	1.0
4658.0	1.0
4660.0	2.0
4667.0	1.0
4671.0	1.0
4678.0	1.0
4684.0	1.0
4689.0	1.0
4698.0	1.0
4699.0	1.0
4705.0	1.0
4709.0	1.0
4710.0	1.0
4723.0	3.0
4724.0	1.0
4730.0	1.0
4737.0	1.0
4739.0	2.0
4741.0	1.0
4746.0	1.0
4749.0	1.0
4750.0	1.0
4751.0	1.0
4758.0	2.0
4760.0	1.0
4773.0	1.0
4777.0	1.0
4778.0	1.0
4780.0	1.0
4783.0	1.0
4787.0	1.0
4795.0	1.0
4796.0	2.0
4797.0	1.0
4801.0	1.0
4807.0	1.0
4812.0	1.0
4815.0	1.0
4823.0	1.0
4824.0	1.0
4827.0	1.0
4828.0	1.0
4830.0	1.0
4831.0	1.0
4835.0	1.0
4838.0	1.0
4841.0	1.0
4843.0	1.0
4844.0	1.0
4845.0	1.0
4850.0	1.0
4853.0	2.0
4855.0	1.0
4857.0	2.0
4860.0	1.0
4864.0	1.0
4865.0	1.0
4866.0	1.0
4868.0	1.0
4872.0	1.0
4876.0	1.0
4882.0	1.0
4884.0	2.0
4892.0	1.0
4894.0	1.0
4899.0	2.0
4902.0	1.0
4903.0	1.0
4906.0	1.0
4908.0	1.0
4909.0	1.0
4910.0	1.0
4912.0	3.0
4914.0	1.0
4915.0	1.0
4920.0	2.0
4923.0	2.0
4925.0	1.0
4926.0	1.0
4931.0	2.0
4932.0	1.0
4933.0	1.0
4934.0	1.0
4936.0	1.0
4940.0	1.0
4942.0	1.0
4943.0	1.0
4945.0	1.0
4946.0	1.0
4947.0	2.0
4950.0	1.0
4952.0	2.0
4955.0	1.0
4957.0	1.0
4958.0	1.0
4959.0	1.0
4961.0	1.0
4962.0	1.0
4963.0	1.0
4967.0	1.0
4969.0	1.0
4975.0	1.0
4982.0	1.0
4988.0	1.0
4990.0	1.0
4998.0	2.0
5002.0	1.0
5010.0	1.0
5012.0	2.0
5018.0	1.0
5021.0	1.0
5025.0	2.0
5029.0	2.0
5032.0	1.0
5042.0	1.0
5044.0	1.0
5053.0	1.0
5056.0	1.0
5066.0	1.0
5067.0	2.0
5078.0	1.0
5080.0	1.0
5083.0	1.0
5090.0	1.0
5092.0	1.0
5093.0	2.0
5095.0	2.0
5097.0	1.0
5098.0	1.0
5101.0	1.0
5108.0	1.0
5121.0	1.0
5122.0	1.0
5133.0	1.0
5145.0	1.0
5161.0	1.0
5162.0	1.0
5165.0	1.0
5166.0	1.0
5169.0	1.0
5173.0	1.0
5176.0	1.0
5181.0	1.0
5182.0	2.0
5198.0	1.0
5203.0	1.0
5211.0	1.0
5212.0	1.0
5217.0	1.0
5219.0	1.0
5226.0	1.0
5229.0	1.0
5230.0	1.0
5232.0	1.0
5234.0	1.0
5238.0	1.0
5250.0	1.0
5253.0	1.0
5254.0	2.0
5255.0	1.0
5276.0	1.0
5279.0	1.0
5281.0	1.0
5283.0	1.0
5285.0	1.0
5297.0	1.0
5314.0	1.0
5315.0	1.0
5325.0	1.0
5326.0	1.0
5327.0	1.0
5333.0	2.0
5334.0	1.0
5345.0	1.0
5347.0	1.0
5348.0	1.0
5350.0	3.0
5362.0	1.0
5366.0	1.0
5372.0	1.0
5373.0	1.0
5374.0	1.0
5375.0	1.0
5385.0	2.0
5388.0	1.0
5397.0	2.0
5400.0	1.0
5404.0	1.0
5408.0	1.0
5409.0	1.0
5413.0	1.0
5420.0	1.0
5428.0	2.0
5431.0	2.0
5432.0	1.0
5434.0	1.0
5441.0	1.0
5451.0	1.0
5454.0	1.0
5459.0	2.0
5461.0	1.0
5462.0	1.0
5477.0	1.0
5481.0	1.0
5484.0	1.0
5487.0	1.0
5494.0	2.0
5500.0	1.0
5505.0	1.0
5508.0	1.0
5509.0	1.0
5513.0	1.0
5521.0	1.0
5522.0	1.0
5526.0	1.0
5528.0	1.0
5537.0	2.0
5538.0	2.0
5541.0	2.0
5548.0	1.0
5551.0	2.0
5560.0	1.0
5563.0	1.0
5565.0	1.0
5571.0	2.0
5573.0	1.0
5577.0	1.0
5578.0	1.0
5583.0	1.0
5587.0	1.0
5591.0	1.0
5596.0	2.0
5600.0	1.0
5607.0	1.0
5608.0	1.0
5609.0	1.0
5612.0	1.0
5615.0	1.0
5616.0	1.0
5619.0	1.0
5621.0	1.0
5626.0	1.0
5627.0	1.0
5628.0	1.0
5632.0	1.0
5636.0	2.0
5643.0	1.0
5651.0	2.0
5654.0	2.0
5656.0	1.0
5661.0	1.0
5662.0	1.0
5663.0	1.0
5666.0	1.0
5669.0	2.0
5670.0	1.0
5672.0	1.0
5676.0	1.0
5685.0	1.0
5694.0	1.0
5695.0	2.0
5698.0	1.0
5700.0	1.0
5701.0	1.0
5708.0	1.0
5710.0	1.0
5715.0	1.0
5718.0	1.0
5726.0	1.0
5730.0	1.0
5735.0	1.0
5741.0	1.0
5742.0	1.0
5745.0	1.0
5747.0	2.0
5756.0	1.0
5758.0	1.0
5769.0	2.0
5772.0	1.0
5774.0	2.0
5776.0	1.0
5780.0	2.0
5784.0	1.0
5786.0	1.0
5788.0	2.0
5791.0	2.0
5793.0	1.0
5794.0	1.0
5799.0	1.0
5802.0	1.0
5804.0	1.0
5808.0	1.0
5809.0	1.0
5811.0	1.0
5813.0	1.0
5816.0	1.0
5826.0	1.0
5828.0	2.0
5830.0	1.0
5838.0	1.0
5840.0	2.0
5842.0	1.0
5843.0	1.0
5845.0	2.0
5846.0	1.0
5849.0	1.0
5850.0	1.0
5854.0	1.0
5855.0	1.0
5860.0	1.0
5861.0	1.0
5865.0	1.0
5866.0	1.0
5868.0	1.0
5869.0	1.0
5870.0	1.0
5872.0	1.0
5873.0	1.0
5876.0	1.0
5881.0	1.0
5887.0	1.0
5889.0	3.0
5890.0	1.0
5893.0	1.0
5894.0	1.0
5896.0	1.0
5902.0	1.0
5904.0	1.0
5905.0	2.0
5906.0	1.0
5908.0	1.0
5911.0	1.0
5913.0	2.0
5916.0	1.0
5919.0	1.0
5920.0	2.0
5924.0	2.0
5925.0	1.0
5926.0	1.0
5929.0	1.0
5930.0	1.0
5936.0	1.0
5937.0	1.0
5939.0	2.0
5943.0	3.0
5944.0	1.0
5945.0	1.0
5946.0	1.0
5953.0	1.0
5955.0	2.0
5956.0	1.0
5958.0	1.0
5959.0	1.0
5960.0	1.0
5963.0	1.0
5967.0	1.0
5973.0	2.0
5976.0	1.0
5978.0	1.0
5981.0	1.0
5982.0	1.0
5983.0	1.0
5984.0	1.0
5990.0	2.0
5992.0	1.0
5997.0	1.0
5998.0	1.0
6002.0	2.0
6004.0	3.0
6005.0	1.0
6006.0	2.0
6013.0	1.0
6015.0	1.0
6016.0	2.0
6018.0	3.0
6020.0	1.0
6023.0	1.0
6026.0	2.0
6028.0	1.0
6029.0	1.0
6031.0	1.0
6033.0	1.0
6035.0	2.0
6036.0	1.0
6038.0	1.0
6040.0	1.0
6042.0	1.0
6043.0	1.0
6044.0	3.0
6045.0	1.0
6046.0	1.0
6047.0	2.0
6048.0	1.0
6049.0	1.0
6050.0	2.0
6055.0	1.0
6057.0	1.0
6058.0	1.0
6062.0	1.0
6063.0	1.0
6078.0	1.0
6079.0	1.0
6082.0	1.0
6089.0	1.0
6091.0	1.0
6096.0	1.0
6098.0	1.0
6099.0	1.0
6111.0	1.0
6114.0	1.0
6123.0	1.0
6129.0	1.0
6130.0	2.0
6131.0	1.0
6137.0	1.0
6147.0	1.0
6150.0	1.0
6160.0	1.0
6161.0	1.0
6163.0	1.0
6166.0	1.0
6169.0	1.0
6175.0	1.0
6187.0	2.0
6195.0	1.0
6196.0	1.0
6201.0	1.0
6204.0	1.0
6205.0	1.0
6217.0	1.0
6220.0	1.0
6221.0	1.0
6225.0	1.0
6226.0	3.0
6230.0	1.0
6232.0	1.0
6236.0	1.0
6242.0	2.0
6245.0	1.0
6257.0	1.0
6258.0	1.0
6260.0	1.0
6263.0	2.0
6264.0	1.0
6272.0	1.0
6279.0	1.0
6285.0	1.0
6291.0	1.0
6292.0	1.0
6295.0	1.0
6296.0	1.0
6299.0	1.0
6301.0	1.0
6302.0	1.0
6303.0	1.0
6304.0	1.0
6306.0	1.0
6307.0	1.0
6308.0	1.0
6312.0	1.0
6314.0	1.0
6316.0	2.0
6322.0	1.0
6324.0	1.0
6326.0	1.0
6327.0	1.0
6328.0	1.0
6342.0	1.0
6354.0	1.0
6360.0	1.0
6364.0	1.0
6369.0	1.0
6372.0	1.0
6375.0	1.0
6378.0	2.0
6389.0	1.0
6391.0	2.0
6393.0	1.0
6398.0	1.0
6403.0	2.0
6413.0	1.0
6421.0	1.0
6459.0	1.0
6462.0	1.0
6463.0	1.0
6475.0	1.0
6493.0	1.0
6520.0	1.0
6529.0	1.0
6531.0	1.0
6551.0	1.0
6557.0	1.0
6558.0	1.0
6568.0	1.0
6592.0	1.0
6596.0	1.0
6617.0	1.0
6625.0	1.0
6637.0	1.0
6638.0	1.0
6659.0	1.0
6670.0	1.0
6685.0	2.0
6710.0	1.0
6715.0	1.0
6716.0	1.0
6718.0	1.0
6746.0	1.0
6768.0	1.0
6769.0	1.0
6779.0	1.0
6792.0	1.0
6793.0	1.0
6800.0	1.0
6808.0	1.0
6811.0	1.0
6824.0	1.0
6827.0	1.0
6843.0	1.0
6859.0	1.0
6866.0	1.0
6871.0	1.0
6887.0	1.0
6888.0	1.0
6895.0	1.0
6903.0	1.0
6904.0	1.0
6922.0	1.0
6936.0	1.0
6949.0	1.0
6982.0	1.0
7001.0	1.0
7004.0	1.0
7011.0	1.0
7029.0	1.0
7039.0	1.0
7055.0	1.0
7056.0	1.0
7057.0	1.0
7069.0	1.0
7090.0	1.0
7095.0	1.0
7109.0	1.0
7111.0	1.0
7115.0	1.0
7133.0	1.0
7145.0	1.0
7160.0	1.0
7163.0	1.0
7169.0	1.0
7172.0	1.0
7186.0	1.0
7202.0	1.0
7208.0	1.0
7213.0	1.0
7226.0	1.0
7237.0	1.0
7238.0	2.0
7243.0	1.0
7244.0	1.0
7271.0	1.0
7272.0	1.0
7289.0	1.0
7291.0	1.0
7296.0	1.0
7300.0	1.0
7305.0	1.0
7319.0	1.0
7322.0	1.0
7337.0	1.0
7340.0	1.0
7346.0	1.0
7349.0	1.0
7350.0	1.0
7358.0	1.0
7360.0	2.0
7361.0	1.0
7370.0	1.0
7381.0	1.0
7387.0	1.0
7390.0	1.0
7400.0	1.0
7404.0	1.0
7405.0	2.0
7409.0	2.0
7416.0	1.0
7418.0	1.0
7419.0	1.0
7420.0	2.0
7423.0	1.0
7425.0	1.0
7436.0	1.0
7443.0	1.0
7452.0	1.0
7517.0	1.0
7519.0	1.0
7537.0	1.0
7546.0	1.0
7575.0	1.0
7593.0	2.0
7597.0	1.0
7627.0	1.0
7637.0	1.0
7645.0	1.0
7686.0	1.0
7704.0	1.0
7749.0	1.0
7780.0	1.0
7786.0	1.0
7804.0	1.0
7811.0	1.0
7822.0	1.0
7836.0	1.0
7881.0	1.0
7882.0	2.0
7891.0	1.0
7894.0	1.0
7900.0	1.0
7945.0	1.0
7953.0	1.0
7960.0	1.0
7980.0	1.0
8003.0	1.0
8007.0	1.0
8035.0	1.0
8041.0	1.0
8043.0	1.0
8050.0	1.0
8081.0	1.0
8082.0	1.0
8089.0	1.0
8094.0	1.0
8116.0	1.0
8123.0	1.0
8126.0	1.0
8150.0	1.0
8154.0	1.0
8155.0	1.0
8159.0	1.0
8169.0	1.0
8189.0	1.0
8200.0	1.0
8201.0	1.0
8205.0	1.0
8207.0	1.0
8229.0	1.0
8231.0	1.0
8245.0	1.0
8247.0	1.0
8249.0	1.0
8259.0	1.0
8260.0	1.0
8263.0	1.0
8270.0	1.0
8278.0	1.0
8279.0	1.0
8280.0	1.0
8281.0	1.0
8283.0	1.0
8288.0	2.0
8293.0	1.0
8295.0	1.0
8296.0	2.0
8302.0	3.0
8303.0	1.0
8353.0	1.0
8460.0	1.0
8462.0	1.0
8477.0	1.0
8542.0	1.0
8600.0	1.0
8601.0	1.0
8677.0	1.0
8837.0	1.0
8925.0	1.0
8928.0	1.0
9089.0	1.0
9093.0	1.0
9174.0	1.0
9312.0	1.0
9316.0	1.0
9378.0	1.0
9461.0	1.0
9525.0	1.0
9527.0	1.0
9575.0	1.0
9590.0	1.0
9595.0	1.0
9714.0	1.0
9720.0	1.0
9786.0	1.0
9890.0	1.0
9965.0	1.0
10033.0	1.0
10078.0	1.0
10144.0	1.0
10212.0	1.0
10271.0	1.0
10325.0	1.0
10428.0	1.0
10430.0	1.0
10473.0	1.0
10561.0	1.0
10563.0	1.0
10629.0	1.0
10680.0	1.0
10704.0	1.0
10712.0	1.0
10760.0	1.0
10771.0	1.0
10824.0	1.0
10863.0	1.0
10910.0	1.0
10973.0	1.0
11004.0	1.0
11049.0	1.0
11070.0	1.0
11132.0	1.0
11180.0	1.0
11245.0	1.0
11272.0	1.0
11331.0	1.0
11360.0	1.0
11398.0	1.0
11416.0	1.0
11463.0	1.0
11473.0	1.0
11489.0	1.0
11544.0	1.0
11555.0	1.0
11589.0	1.0
11619.0	1.0
11650.0	1.0
11661.0	1.0
11685.0	1.0
11700.0	1.0
11737.0	1.0
11750.0	1.0
11777.0	1.0
11798.0	1.0
11835.0	1.0
11838.0	1.0
11857.0	1.0
11876.0	1.0
11907.0	1.0
11909.0	1.0
11921.0	1.0
11949.0	1.0
11964.0	1.0
11965.0	1.0
11990.0	1.0
11996.0	1.0
11997.0	1.0
12005.0	1.0
12009.0	1.0
12016.0	1.0
12020.0	2.0
12023.0	1.0
12027.0	1.0
12039.0	1.0
12043.0	1.0
12050.0	1.0
12058.0	1.0
12061.0	1.0
