#Insert size (bp)	insert size
29.0	12.0
30.0	20.0
31.0	64.0
32.0	162.0
33.0	260.0
34.0	466.0
35.0	714.0
36.0	1062.0
37.0	1491.0
38.0	2031.0
39.0	2367.0
40.0	3726.0
41.0	4006.0
42.0	4153.0
43.0	4196.0
44.0	4275.0
45.0	3946.0
46.0	3901.0
47.0	3893.0
48.0	3909.0
49.0	3658.0
50.0	3741.0
51.0	3628.0
52.0	3583.0
53.0	3582.0
54.0	3523.0
55.0	3559.0
56.0	3618.0
57.0	3578.0
58.0	3719.0
59.0	3618.0
60.0	3796.0
61.0	3773.0
62.0	3859.0
63.0	3877.0
64.0	3970.0
65.0	3929.0
66.0	4015.0
67.0	3959.0
68.0	3988.0
69.0	3933.0
70.0	3951.0
71.0	4095.0
72.0	4131.0
73.0	4147.0
74.0	4256.0
75.0	4200.0
76.0	4301.0
77.0	4239.0
78.0	4487.0
79.0	4271.0
80.0	4294.0
81.0	4360.0
82.0	4566.0
83.0	4425.0
84.0	4637.0
85.0	4423.0
86.0	4390.0
87.0	4390.0
88.0	4354.0
89.0	4359.0
90.0	4456.0
91.0	4260.0
92.0	4342.0
93.0	4510.0
94.0	4477.0
95.0	4507.0
96.0	4534.0
97.0	4202.0
98.0	4430.0
99.0	4483.0
100.0	4538.0
101.0	4513.0
102.0	4659.0
103.0	4697.0
104.0	4423.0
105.0	4405.0
106.0	4383.0
107.0	4744.0
108.0	4518.0
109.0	4606.0
110.0	4465.0
111.0	4652.0
112.0	4639.0
113.0	4830.0
114.0	4860.0
115.0	4725.0
116.0	4846.0
117.0	4971.0
118.0	4812.0
119.0	4940.0
120.0	4980.0
121.0	4891.0
122.0	5156.0
123.0	5183.0
124.0	5332.0
125.0	5267.0
126.0	5512.0
127.0	5504.0
128.0	5764.0
129.0	5899.0
130.0	5829.0
131.0	6014.0
132.0	6325.0
133.0	6451.0
134.0	6590.0
135.0	6624.0
136.0	7002.0
137.0	6872.0
138.0	7290.0
139.0	7501.0
140.0	7461.0
141.0	7752.0
142.0	7870.0
143.0	8268.0
144.0	8645.0
145.0	8620.0
146.0	9240.0
147.0	9783.0
148.0	9533.0
149.0	7185.0
150.0	8615.0
151.0	17002.0
152.0	13508.0
153.0	10408.0
154.0	10217.0
155.0	9632.0
156.0	9671.0
157.0	9430.0
158.0	9324.0
159.0	9315.0
160.0	9356.0
161.0	9193.0
162.0	9173.0
163.0	9168.0
164.0	9175.0
165.0	8833.0
166.0	8939.0
167.0	8984.0
168.0	9113.0
169.0	8758.0
170.0	8859.0
171.0	8729.0
172.0	8730.0
173.0	8608.0
174.0	8806.0
175.0	8740.0
176.0	8843.0
177.0	8621.0
178.0	8686.0
179.0	8570.0
180.0	8829.0
181.0	8615.0
182.0	8642.0
183.0	8505.0
184.0	8530.0
185.0	8475.0
186.0	8498.0
187.0	8602.0
188.0	8645.0
189.0	8535.0
190.0	8676.0
191.0	8647.0
192.0	8760.0
193.0	8517.0
194.0	8343.0
195.0	8512.0
196.0	8605.0
197.0	8425.0
198.0	8470.0
199.0	8304.0
200.0	8461.0
201.0	8543.0
202.0	8649.0
203.0	8464.0
204.0	8608.0
205.0	8551.0
206.0	8493.0
207.0	8604.0
208.0	8592.0
209.0	8612.0
210.0	8659.0
211.0	8615.0
212.0	8587.0
213.0	8513.0
214.0	8642.0
215.0	8574.0
216.0	8420.0
217.0	8468.0
218.0	8557.0
219.0	8547.0
220.0	8578.0
221.0	8606.0
222.0	8667.0
223.0	8530.0
224.0	8448.0
225.0	8670.0
226.0	8657.0
227.0	8582.0
228.0	8489.0
229.0	8530.0
230.0	8705.0
231.0	8501.0
232.0	8511.0
233.0	8532.0
234.0	8489.0
235.0	8379.0
236.0	8373.0
237.0	8397.0
238.0	8390.0
239.0	8424.0
240.0	8379.0
241.0	8465.0
242.0	8597.0
243.0	8489.0
244.0	8415.0
245.0	8490.0
246.0	8440.0
247.0	8450.0
248.0	8426.0
249.0	8308.0
250.0	8377.0
251.0	8406.0
252.0	8391.0
253.0	8442.0
254.0	8387.0
255.0	8480.0
256.0	8347.0
257.0	8280.0
258.0	8229.0
259.0	8325.0
260.0	8456.0
261.0	8376.0
262.0	8187.0
263.0	8176.0
264.0	8374.0
265.0	8363.0
266.0	8340.0
267.0	8291.0
268.0	8172.0
269.0	8196.0
270.0	8265.0
271.0	8286.0
272.0	8336.0
273.0	8215.0
274.0	8232.0
275.0	8342.0
276.0	8429.0
277.0	8385.0
278.0	8226.0
279.0	8063.0
280.0	8178.0
281.0	8155.0
282.0	8064.0
283.0	8006.0
284.0	8026.0
285.0	8134.0
286.0	8147.0
287.0	8108.0
288.0	8221.0
289.0	8219.0
290.0	8225.0
291.0	8118.0
292.0	8069.0
293.0	8086.0
294.0	8070.0
295.0	8139.0
296.0	7922.0
297.0	7960.0
298.0	8035.0
299.0	7894.0
300.0	7879.0
301.0	7761.0
302.0	7706.0
303.0	7591.0
304.0	7605.0
305.0	7537.0
306.0	7558.0
307.0	7535.0
308.0	7640.0
309.0	7672.0
310.0	7470.0
311.0	7506.0
312.0	7522.0
313.0	7500.0
314.0	7586.0
315.0	7537.0
316.0	7460.0
317.0	7485.0
318.0	7579.0
319.0	7589.0
320.0	7488.0
321.0	7515.0
322.0	7395.0
323.0	7335.0
324.0	7478.0
325.0	7253.0
326.0	7334.0
327.0	7387.0
328.0	7308.0
329.0	7236.0
330.0	7240.0
331.0	7231.0
332.0	7164.0
333.0	7245.0
334.0	7174.0
335.0	7097.0
336.0	7143.0
337.0	7033.0
338.0	7145.0
339.0	7155.0
340.0	7171.0
341.0	7092.0
342.0	7113.0
343.0	6895.0
344.0	6978.0
345.0	6921.0
346.0	7050.0
347.0	7051.0
348.0	7067.0
349.0	7004.0
350.0	6805.0
351.0	6808.0
352.0	6840.0
353.0	6882.0
354.0	6694.0
355.0	6757.0
356.0	6582.0
357.0	6576.0
358.0	6593.0
359.0	6659.0
360.0	6797.0
361.0	6668.0
362.0	6586.0
363.0	6562.0
364.0	6503.0
365.0	6453.0
366.0	6415.0
367.0	6490.0
368.0	6482.0
369.0	6640.0
370.0	6414.0
371.0	6382.0
372.0	6494.0
373.0	6471.0
374.0	6377.0
375.0	6359.0
376.0	6326.0
377.0	6221.0
378.0	6098.0
379.0	6270.0
380.0	6266.0
381.0	6201.0
382.0	6036.0
383.0	6078.0
384.0	6095.0
385.0	5884.0
386.0	6051.0
387.0	5950.0
388.0	6029.0
389.0	6078.0
390.0	6178.0
391.0	5819.0
392.0	5771.0
393.0	5745.0
394.0	5767.0
395.0	5815.0
396.0	5756.0
397.0	5679.0
398.0	5874.0
399.0	5889.0
400.0	5864.0
401.0	5792.0
402.0	5742.0
403.0	5638.0
404.0	5500.0
405.0	5449.0
406.0	5626.0
407.0	5577.0
408.0	5550.0
409.0	5535.0
410.0	5429.0
411.0	5428.0
412.0	5380.0
413.0	5302.0
414.0	5380.0
415.0	5318.0
416.0	5234.0
417.0	5303.0
418.0	5302.0
419.0	5361.0
420.0	5362.0
421.0	5264.0
422.0	5201.0
423.0	5113.0
424.0	5249.0
425.0	5247.0
426.0	5140.0
427.0	5015.0
428.0	5132.0
429.0	5131.0
430.0	5038.0
431.0	4927.0
432.0	5124.0
433.0	4986.0
434.0	4899.0
435.0	4871.0
436.0	4810.0
437.0	4739.0
438.0	4794.0
439.0	4852.0
440.0	4787.0
441.0	4729.0
442.0	4773.0
443.0	4802.0
444.0	4722.0
445.0	4746.0
446.0	4756.0
447.0	4602.0
448.0	4726.0
449.0	4650.0
450.0	4560.0
451.0	4594.0
452.0	4550.0
453.0	4548.0
454.0	4437.0
455.0	4365.0
456.0	4459.0
457.0	4387.0
458.0	4445.0
459.0	4396.0
460.0	4434.0
461.0	4552.0
462.0	4372.0
463.0	4344.0
464.0	4376.0
465.0	4376.0
466.0	4434.0
467.0	4519.0
468.0	4480.0
469.0	4264.0
470.0	4289.0
471.0	4250.0
472.0	4231.0
473.0	4331.0
474.0	4334.0
475.0	4459.0
476.0	4304.0
477.0	4245.0
478.0	4282.0
479.0	4338.0
480.0	4407.0
481.0	4336.0
482.0	4148.0
483.0	4146.0
484.0	4326.0
485.0	4396.0
486.0	4452.0
487.0	4363.0
488.0	4365.0
489.0	4629.0
490.0	4713.0
491.0	4555.0
492.0	4628.0
493.0	4591.0
494.0	4540.0
495.0	4867.0
496.0	4976.0
497.0	5027.0
498.0	5071.0
499.0	5296.0
500.0	5729.0
