# Position (bp)	A	C	G	T	N
0.0	37.98071421677252	10.549352613146345	14.91255128165582	36.55711654555423	2.653428710828344E-4
1.0	34.96119526349708	13.85661932618168	14.330853372524475	36.81136476783992	0.03996726995685193
2.0	34.86676636925047	15.733289949773912	13.691775067521469	35.705415681166656	0.002752932287484407
3.0	35.16680282072739	14.424867668535013	14.307801710599154	36.097459773191545	0.003068026946895273
4.0	34.68391196321552	14.505830412074161	14.439179599644042	36.36985081428752	0.0012272107787581093
5.0	34.559366653101016	13.792621942462388	14.280156300218211	37.363195020045	0.004660084173392279
6.0	35.78762221941401	13.789172485138312	13.574311095278988	36.83852924426702	0.010364955901673219
7.0	36.002715784285535	13.293196907296165	13.596914991109355	37.106061194036286	0.0011111232726593691
8.0	36.40320109639674	13.451042747731567	13.387791640837197	36.756090531007466	0.0018739840270225179
9.0	36.24857253827322	13.200807836371013	13.621409454896188	36.92710401142036	0.0021061590392199977
10.0	36.273680607449435	13.879670988107002	13.210791361895502	36.6281786832161	0.007678359331959521
11.0	36.13792456103168	13.49069492302901	13.528705289311624	36.84182944622611	8.457804015765346E-4
12.0	36.57690117337935	13.318089385389625	13.518257413762738	36.58539214525399	0.0013598822142995262
13.0	36.166100657154786	13.254888030283581	13.685357086827151	36.88808202544174	0.005572200292739522
14.0	36.33217212659376	13.730067360604611	13.131603098806721	36.80303963525969	0.0031177787352233044
15.0	36.282801768642905	13.20543475268552	13.480164127832909	37.029111761422264	0.0024875894164015726
16.0	36.506154130376885	13.436996159493619	13.367973845153196	36.68469671475674	0.004179150219554642
17.0	36.15616688341862	13.208867626080153	13.549086938596675	37.082611517804345	0.0032670341002073986
18.0	36.53721583022302	13.435354350478795	13.22235036071705	36.79876098146348	0.006318477117659994
19.0	36.27469222714544	13.239133297313039	13.439848595357759	37.038133419039085	0.008192461144682512
20.0	36.55583958298714	13.400163252201432	13.376763327757816	36.66076610457096	0.006467732482644088
21.0	36.48398141671203	12.989910005648486	13.630348192865792	36.89350497036949	0.0022554144042040924
22.0	36.576967509097116	13.564941175143874	13.182913776502364	36.67340305880628	0.0017744804503664552
23.0	36.34427839508691	13.232897739842592	13.353330235455314	37.06823325097754	0.0012603786376434636
24.0	36.852194402127786	13.095400380833356	13.310278354622124	36.74114841057962	9.78451837117952E-4
25.0	36.46061466012729	13.010424326369078	13.538124961235065	36.98763535388613	0.00320069838243669
26.0	36.50763010009728	13.541524666770814	13.163892009431613	36.783735941388414	0.0032172823118793675
27.0	36.39462720487488	13.11210039778213	13.495554014355712	36.9965243400674	0.001194042919872755
28.0	36.72892605458036	13.312450849379115	13.354059928350793	36.60091470321234	0.0036484644773889727
29.0	36.237991991288794	13.067041861486379	13.545289218754302	37.14823412660901	0.001442801861512912
30.0	36.70477985331183	13.330643419977731	13.19621408791539	36.76481367789432	0.0035489609007329104
31.0	36.387695122367845	13.146495467446245	13.452883563899704	37.01032216936371	0.0026036769225003123
32.0	36.702939037143686	13.309183815278908	13.258785253702609	36.7193405433625	0.009751350512294164
33.0	36.52006804717929	13.016261869532899	13.47651566335552	36.98393713762041	0.0032172823118793675
34.0	36.681214089573785	13.487145962128274	13.117805269510413	36.71197727868995	0.001857400097579841
35.0	36.373631950200455	13.202731572186362	13.359648712572975	37.06053830771614	0.003449457324076847
36.0	36.83043628669899	13.143825454805974	13.35571832129506	36.66660364773479	0.0034162894651914933
37.0	36.419751857980536	13.091917755650393	13.518672011998806	36.96557872772737	0.004079646642898579
38.0	36.637333012268456	13.509683522240874	13.128916502237006	36.71970538981024	0.0043615734434240905
39.0	36.499901988976994	13.028633480897136	13.437626348812442	37.03078673829597	0.003051443017452596
40.0	36.68581999877709	13.29591947957347	13.391093517797279	36.62562175497736	0.0015452488747929698
41.0	36.31945294091699	13.050648409169034	13.474908841519495	37.15272593195553	0.002263876438955654
42.0	36.800098207250656	13.248471683020085	13.119241082121144	36.83015416269979	0.0020348649083209965
43.0	36.452162590191826	13.163022841884203	13.336350241667391	37.04624175161609	0.0022225746404901966
44.0	36.764430850443084	13.306552004673367	13.158943831373065	36.765602875412576	0.004470438097910631
45.0	36.69285239095143	12.788588409864735	13.388888534765812	37.12782549679461	0.0018451676234140363
46.0	36.62757547867198	13.345209633616529	13.270648067222032	36.7506012229979	0.00596559749155868
47.0	36.485496700815276	13.102166232044372	13.259158842146674	37.15218502705286	9.93197940814493E-4
48.0	37.07061581249259	12.952244651317635	13.2193014159321	36.75402663754199	0.0038114827156848076
49.0	36.60311447790117	12.874103348877172	13.46264402040279	37.05684389278822	0.0032942600306416865
50.0	36.918555255655946	13.264447815776345	13.043754201471607	36.76953629292948	0.003706434166620971
51.0	36.779943877903925	12.93573287618283	13.282291566359836	36.99704741896677	0.0049842605866372985
52.0	37.06954982764585	12.964679840092852	13.269120933560478	36.69415286624853	0.0024965324522894816
53.0	36.57787678287858	12.801869869532712	13.415242192503682	37.201506850829766	0.0035043042552630483
54.0	37.01772889528792	13.031394031300318	13.060223719745439	36.88063452576696	0.010018827899368712
55.0	36.777577299177786	12.925357106772944	13.286730592260662	37.00439573792964	0.005939263858965011
56.0	37.143195139626	12.945793987989928	13.174562118958402	36.73202109344055	0.004427659985116909
57.0	36.83735395181354	12.735047403748567	13.501288284004337	36.91708081197424	0.00922954845932466
58.0	37.05838602986455	13.322802603533976	13.185888250305922	36.43132789769743	0.001595218598121896
59.0	36.68189016504503	12.955517271062062	13.375694073488246	36.98591913739962	9.793530050416063E-4
60.0	37.22336843811958	12.947123885465922	13.24826301962895	36.580298003128775	9.466536567767752E-4
61.0	36.736956102308	12.867554826639143	13.369763444516266	37.0252773337476	4.4829278898634277E-4
62.0	37.029742201550256	13.049884929295944	13.08087214680963	36.83867163291236	8.290894318042851E-4
63.0	36.957749510580356	12.764898273041656	13.236737912969993	37.03923005128308	0.0013842521249135275
64.0	37.37874461587958	12.860333905605586	13.263986925566702	36.487019173431776	0.009915379516351363
65.0	36.797304157081065	12.82777826886497	13.204145949106657	37.1690870704538	0.0016845544935143785
66.0	37.24876970618743	12.911517317714177	12.927349423624355	36.90985825219814	0.002505300275896193
67.0	36.89484705334898	12.760394472780002	13.092578407869937	37.25061151646498	0.0015685495361014747
68.0	37.05722903345652	12.82256757926964	13.020375041551787	37.09666831477121	0.003160030950844584
69.0	36.72225249569623	12.630905571710477	13.267027430099171	37.372994226899024	0.0068202755950952775
70.0	36.99831798994017	12.940897018312222	13.080282084403203	36.966419007239196	0.014083900105208835
71.0	36.6809224916068	12.832049794374656	13.065636396273913	37.41524984308533	0.006141474659310467
72.0	37.38425232145761	12.69575611621131	12.89771523746325	37.01709067417854	0.005185650689296026
73.0	36.94784809627264	12.82312631072709	12.93820702659782	37.283915484440506	0.0069030819619474645
74.0	37.23524995875996	13.128129942740296	12.55136921349286	37.06332088633892	0.021929998667968704
75.0	37.1218023403786	12.699738842479737	12.660536935337003	37.47649299526608	0.04142888653858118
76.0	37.264884169559444	12.897863641715778	12.81887566520501	37.01665900867522	0.001717514844551627
77.0	36.84824839914124	12.883784368196716	12.865762013026119	37.39808987869145	0.004115340944467199
78.0	37.396860397627044	13.052182285596691	12.55099890138441	36.99343638496826	0.006522030423583663
79.0	36.969131903323735	13.106995064209428	12.652369656602572	37.26762225357188	0.003881122292383102
80.0	37.39152536931139	13.113310193030085	12.491554264962417	36.98946557315059	0.014144599545517784
81.0	37.150979148990615	12.851361773697464	12.703990862181483	37.29209568691249	0.0015725282179466925
82.0	37.422200084829505	13.146657103503989	12.45672361534816	36.972521364483796	0.001897831834553466
83.0	36.886434809500116	13.030440446340771	12.42817171842919	37.653069534548074	0.0018834911818530467
84.0	37.331172125668985	12.84018307841974	12.626871953837524	37.20026318376514	0.0015096583086111808
85.0	36.91404794100012	12.922283580396513	12.6519335027035	37.50330847997177	0.008426495928093901
86.0	36.99017805344778	13.300955496739968	12.339794469346463	37.36739434119647	0.0016776392693141377
87.0	37.04240943343542	12.910519176914868	12.533333574308003	37.51330406093526	4.337544064477593E-4
88.0	37.372326453880895	13.106878830749608	12.539462979356935	36.980933371552176	3.983644603854611E-4
89.0	36.9015770365225	12.946372123002718	12.774774091618003	37.376587381567155	6.893672896309544E-4
90.0	37.27746746028457	13.002399901706541	12.508369848045001	37.21069043158244	0.001072358381444056
91.0	37.05643910887132	12.944553283937058	12.517077805599172	37.4801088973569	0.0018209042355507151
92.0	37.105599954754474	12.987107761888126	12.607300766893411	37.294883150694055	0.005108365769935625
93.0	37.13466754358033	12.79307481928279	12.500406711972248	37.563040355698405	0.008810569466222067
94.0	37.39737427593325	13.045582048199567	12.316625312355086	37.23431960985559	0.006098753656505008
95.0	37.1114437331422	12.882766881929028	12.39429326289918	37.602688182993745	0.008807939035849963
96.0	37.59192339031113	12.708629326650133	12.459222784057983	37.23003938733428	0.010185111646472936
97.0	37.205525445607584	12.797919024378743	12.4992079560994	37.4956713879851	0.001676185929174329
98.0	37.35808386106756	13.068049802486065	12.249112086967033	37.32102635272362	0.003727896755714801
99.0	37.258131565185295	12.708785929376154	12.492889757774666	37.536993600966916	0.0031991466969642506
100.0	37.585368863531	12.770614989343832	12.46851418061641	37.17205552695875	0.0034464395500061703
101.0	37.21225570141433	12.703377922745354	12.56223505541742	37.51735971862031	0.004771601802588622
102.0	37.65429549352047	12.700684137148905	12.288925625246733	37.35495991061233	0.0011348334715597709
103.0	37.38091638529022	12.731351466323465	12.413813801834053	37.46705831012323	0.006860036429030406
104.0	37.59221964834658	12.887608301701558	12.370759876080403	37.14849693507072	9.152388007457889E-4
105.0	37.486220675069944	12.47039667611802	12.37887762836529	37.66300777631172	0.0014972441350139898
106.0	37.528561380269664	12.820119512909978	12.427099918935841	37.21902493111984	0.005194256764675604
107.0	37.37060726046067	12.63589361264792	12.369282660593173	37.62248791044277	0.0017285558554641718
108.0	37.749026130081646	12.539016454923345	12.398774668217754	37.31082938077669	0.0023533660005636784
109.0	37.397331031279585	12.616478272795634	12.431750533035364	37.55208201670171	0.002358146187707682
110.0	37.51213836555266	12.847792410083466	12.33639789453587	37.30032542256257	0.0033459072654391407
111.0	37.44177240342947	12.613796106851416	12.373412811993934	37.56658607796186	0.004432599763329481
112.0	37.703837902337	12.664610744729437	12.432360914906775	37.194615676360485	0.004574761666306633
113.0	37.426465622767815	12.621480931234123	12.398478569573864	37.550759526298314	0.0028153501258822936
114.0	37.710203361881206	12.711094589249033	12.235798744656211	37.34044408858895	0.002459215624597875
115.0	37.53431425273974	12.559594416947617	12.344323764920933	37.55832873708457	0.0034388283071355116
116.0	37.58618352452466	12.699311067907926	12.337823715944465	37.37524569843454	0.0014359931884141773
117.0	37.47522769033807	12.493379979215053	12.389685508716937	37.63754292459854	0.004163897131401081
118.0	37.54980501049944	12.792003507503441	12.295126416269893	37.35425784765436	0.008807218072873
119.0	37.44317422984929	12.649282977255044	12.2353213704596	37.66911863758066	0.0031027848554034806
120.0	37.8376765420377	12.45556392054947	12.362317200311647	37.34102380572544	0.0034185313757444965
121.0	37.61981631487772	12.622226093352301	12.313058289541175	37.44240242332743	0.0024968789013732834
122.0	37.631749612348514	12.799085272463756	12.146891833352443	37.42019753008822	0.0020757517470748874
123.0	37.6037725797351	12.703564188801641	12.236521959598058	37.45336091139827	0.0027803604669294595
124.0	37.65492403979105	12.622266655363498	12.413742702879677	37.30627978652604	0.002786815439737065
125.0	37.47429183767189	12.515306721401359	12.341890772955004	37.66702614306953	0.001484524902221572
126.0	37.687287182555465	12.575670600102121	12.237198844716488	37.49913854944256	7.048231833574018E-4
127.0	37.601771769826925	12.598720039564554	12.297805698002342	37.49977921565626	0.0019232769499182606
128.0	37.66937855970387	12.667391656738708	12.30270643725085	37.35910694023239	0.0014164060741787598
129.0	37.57677232321141	12.496206126403289	12.314218521202799	37.60321850641187	0.009584522770637045
130.0	37.658470039887504	12.768548678077691	12.22890583682205	37.33737315823032	0.006702286982438624
131.0	37.54600164266099	12.593509586417287	12.279644005555873	37.57596910655733	0.004875658808531689
132.0	37.82487063990254	12.483803287209918	12.378093718685776	37.308781425000745	0.004450929201016481
133.0	37.666803058741685	12.515334147967208	12.416187601123701	37.39886633882102	0.0028088533463802245
134.0	37.6323051064463	12.761471802241678	12.220456744861446	37.38039334746825	0.005372998982326029
135.0	37.70751713282519	12.520556686383328	12.349193384767693	37.41794599973042	0.004786796293377337
136.0	37.85211925363834	12.553826475374702	12.50371095860639	37.08389558457189	0.006447727808668397
137.0	37.53123061777954	12.601829993842006	12.382019624602082	37.48393271208165	9.870516947174E-4
138.0	37.664435567281615	12.633557332290218	12.326239842207318	37.37413065620265	0.0016366020181929528
139.0	37.65375651081251	12.551589955615006	12.425954074704606	37.36257878843153	0.006120670436351108
140.0	37.717813307207834	12.65838125617527	12.466405208344137	37.15304868985142	0.004351538421339131
141.0	37.75683135703262	12.462079755547558	12.390564847392694	37.38919780064622	0.0013262393809032956
142.0	37.87785912783788	12.807565589723307	12.257423548545193	37.05506274244845	0.002088991445170426
143.0	37.76935545140079	12.84790513941297	12.335483727663702	37.03499787853628	0.012257802986255837
144.0	38.06757992755233	12.810359706282071	12.702546003234824	36.41620719412565	0.003307168805130246
145.0	37.88387081734674	13.202267186119146	12.969050561697193	35.942126477715064	0.0026849571218591725
146.0	37.40516201778315	13.528912575033983	13.038616113376634	36.02530782578211	0.002001468024125485
147.0	36.71811386399692	13.30676672105812	13.068141742762576	36.90076561453535	0.006212057647032179
148.0	37.324977147766056	13.050390388101185	12.760308539552238	36.855189797021644	0.009134127558880729
149.0	38.32818087392656	12.7565133736293	10.706887622993268	38.17495826114813	0.03345986830274449
150.0	38.13471841306714	14.07972671381573	7.727373618822328	40.0581812542948	0.0
