# Position (bp)	A	C	G	T	N
0.0	39.365266905861965	8.82603566672402	13.754782195998082	38.053691610643085	2.236207728439143E-4
1.0	36.748798630283304	12.528472186048273	12.861272512692452	37.822336189891395	0.03912048108457653
2.0	36.41360424595339	14.270820014743185	12.665946344694849	36.647195874433514	0.002433520175066126
3.0	36.53918704114991	13.208963351975415	13.270156518755996	36.97853608897265	0.003156999146031731
4.0	35.78591389074363	13.349107805733004	13.207976789742279	37.655975489058626	0.0010260247224603127
5.0	36.39895050825056	12.5086225539176	12.984014008657544	38.10384843457567	0.004564494598637544
6.0	37.20227524928455	12.453125139762983	12.337131729472533	37.997457563354395	0.01001031812554228
7.0	37.37513410669289	12.214245537713248	12.306850845996847	38.102953951484295	8.155581127248638E-4
8.0	37.567868904558125	12.235818365211133	12.162404980902785	38.03192147069858	0.0019862786293782975
9.0	37.502847876312984	12.117141505646556	12.33939424552719	38.03870901886254	0.001907353650727504
10.0	37.48561592264089	12.547940347448803	12.101961601419386	37.85732626375991	0.007155864731005258
11.0	37.46183319574079	12.269058935386225	12.300589464357218	37.96796592966521	5.524748505555529E-4
12.0	37.7553683455062	12.112445469416834	12.262100383101847	37.86878353982738	0.001302262147738089
13.0	37.48927277998504	12.1015143598737	12.37205603252551	38.0319477790248	0.005209048590952356
14.0	37.61156703440445	12.375199877508432	11.929918302123765	38.0804340242426	0.0028807617207539547
15.0	37.5791683306683	12.004134090381728	12.249919628063408	38.164133964101765	0.0026439867848015745
16.0	37.73405860127048	12.114221281436476	12.117733442986436	38.0296326463177	0.0043540279889020955
17.0	37.46943630201748	12.02991625007432	12.259469550480153	38.23853391064325	0.0026439867848015745
18.0	37.76802265041654	12.163036380731992	12.008461810044414	38.053625839827546	0.00685331897951055
19.0	37.66101353352917	11.962790555731821	12.177124489421159	38.19088953186438	0.00818188945346557
20.0	37.82588781393068	12.10999879507866	12.093516628703751	37.96461161807256	0.005985144214351824
21.0	37.74392422360183	11.894770378297945	12.302746747107005	38.05676968481046	0.0017889661827513144
22.0	37.78245276734653	12.252274223259823	12.009737763865935	37.95386466681294	0.0016705787147751243
23.0	37.68434901888359	12.036190785877059	12.097318181842098	38.18123437614277	9.076372544841226E-4
24.0	37.970083749925685	11.931352105902588	12.062104487200736	38.03556517387962	8.944830913756572E-4
25.0	37.740464678704306	11.847836324326941	12.21834963660309	38.190810606885734	0.0025387534799338504
26.0	37.78622801215866	12.161339493691	11.98903311113321	38.06078170455855	0.002617678458584644
27.0	37.69754264448138	11.840614688780393	12.262113537264954	38.1986899505877	0.001039178885568778
28.0	37.95264132964385	11.981548392324493	12.122311091748184	37.940118566364596	0.0033806199188756453
29.0	37.59137539403296	11.887838134339784	12.295130486667203	38.22397225208217	0.0016837328778835897
30.0	37.93921092911011	12.020576794267312	11.977352214292893	38.059032200865126	0.0038278614645634737
31.0	37.761603418819604	11.90040036010837	12.203485432290524	38.13185364783359	0.00265714094791004
32.0	37.943104561390214	12.043083567345896	12.04509615430149	37.958902711283486	0.009813005678915297
33.0	37.82951836294862	11.872342530198013	12.225281880561251	38.069529223025675	0.0033280032664417827
34.0	37.90349737627063	12.100212097725962	11.973655894459414	38.02066150707773	0.001973124466269832
35.0	37.659211413183314	11.936271762905156	12.134886471679875	38.26639442810698	0.0032359241246825246
36.0	37.9959053721076	11.869422305987932	12.105657921252867	38.02584424734247	0.0031701533091401967
37.0	37.777598881159506	11.820383585919574	12.240238164015576	38.15822774486606	0.0035516240392856973
38.0	37.93559353425528	12.115681393541516	11.936929471060578	38.007310031522636	0.004485569619986751
39.0	37.840462626654855	11.886220172277444	12.163983480475801	38.10663711715466	0.0026966034372354368
40.0	38.00097961352309	11.987931540906771	12.067549847424601	37.941825926340286	0.0017130718052495637
41.0	37.75992757360624	11.86167012908938	12.123949144695564	38.25194494780888	0.0025082047999383243
42.0	38.063655198342126	11.941971650467822	11.847776482258103	38.14456015960943	0.0020365093225181465
43.0	37.79299275982807	11.92349919035548	12.065703606521241	38.215380278585535	0.0024241647096724965
44.0	37.99324238707071	12.006737710279785	11.902434558429867	38.09311388229706	0.004471461922582674
45.0	38.004620921510515	11.601314355288956	12.08692839485304	38.30501005593957	0.002126272407921109
46.0	37.86440964014498	11.965663851372934	12.03852182172078	38.126280404959346	0.005124281801958354
47.0	37.84730571967712	11.828349435049185	11.976458738675523	38.34668640924183	0.0011996973563469055
48.0	38.2203672774608	11.675111859817225	11.922226706211806	38.17895675109724	0.00333740541292449
49.0	37.95154331373317	11.70731550802997	12.0669124674584	38.2709800654836	0.003248645294858678
50.0	38.09283536432308	11.908603787982743	11.857718039941496	38.13713448041581	0.0037083273368653923
51.0	38.05547736430243	11.706932927989877	12.03160981939161	38.201878198580765	0.004101689735320374
52.0	38.174314735214466	11.709571447878835	12.026245493988025	38.08794908627559	0.0019192366430860037
53.0	37.91652764551265	11.630356334453252	12.095639924841905	38.35327018738327	0.004205907808919562
54.0	38.20315468380508	11.747790515820778	11.818291655140717	38.21983815952201	0.010924985711410313
55.0	38.0835727028741	11.675023721427197	12.07725076067518	38.15798335809198	0.006169456931533038
56.0	38.278519399306795	11.754619560159552	11.937376133529101	38.02524981002758	0.004235096976976988
57.0	38.15606656633243	11.626324990033202	12.160345537305	38.04824146771784	0.009021438611541175
58.0	38.24395634352699	11.98684226183715	12.031952652480152	37.73569367773007	0.0015550644256430396
59.0	37.98894307410811	11.783389644259548	12.074476108001079	38.15210801082838	0.0010831628028895534
60.0	38.27748692306138	11.75065105075776	12.01886674530748	37.95205983389987	9.354469735104463E-4
61.0	37.98381846623472	11.694432242745812	12.126838421939384	38.19421858481894	6.922842611480842E-4
62.0	38.21429459774688	11.738275486596681	11.9372922010376	38.10941732902498	7.203855938648156E-4
63.0	38.26568718660875	11.55484520357264	12.080468774241805	38.09776037705754	0.001238458519260888
64.0	38.4577447725555	11.630697763916482	12.072460738463835	37.828358247600406	0.010738477463778762
65.0	38.0955396038442	11.655709947889175	12.045353938223538	38.20185452745193	0.0015419825911530047
66.0	38.40156129202572	11.68571004600089	11.728696679699297	38.18198239706915	0.002049585204946223
67.0	38.13413866131143	11.56521100250664	11.86574504353475	38.433468705452974	0.0014365871942070237
68.0	38.167313406804546	11.61131801406593	11.864958521905933	38.35321780106161	0.003192256161979188
69.0	37.96811823158551	11.44257306135708	12.080663875642392	38.500894018539945	0.007750812875074182
70.0	38.17497061269273	11.634173283332101	11.932592838205396	38.244733703883085	0.013529561886688479
71.0	37.98336223019396	11.618119665737181	11.941459169052274	38.451612406312144	0.005446528704444119
72.0	38.4415631635291	11.546654535924034	11.798565768305846	38.20853391133402	0.00468262090699337
73.0	38.15910997510316	11.72097066895707	11.773417717503895	38.33961994576564	0.006881692670225012
74.0	38.341389177364825	11.856743155754911	11.524432684446605	38.25608469408047	0.021350288353182933
75.0	38.311806938001354	11.602140492833332	11.590620719411925	38.456059947075424	0.039371902677967016
76.0	38.282277049024366	11.71117961114697	11.686266450614125	38.31878126868227	0.0014956205322664204
77.0	38.110924809776876	11.762860697279777	11.662529778591088	38.45910845959521	0.004576254757051488
78.0	38.4430718308672	11.853601833101502	11.425404163970992	38.27136784271053	0.006554329349773035
79.0	38.25933655916356	11.93140014353401	11.481872538962559	38.323372028556065	0.004018729783807634
80.0	38.496841381144655	11.914283864202714	11.38340752066697	38.191917862680675	0.013549371304993842
81.0	38.36479276713325	11.752822758673972	11.524466790557623	38.35613267209812	0.0017850115370315982
82.0	38.55760795092872	11.895278025819906	11.38672571636537	38.15876831325984	0.001619993626163009
83.0	38.133141074546664	11.807621867432346	11.400507826130738	38.65713484525009	0.0015943866401588232
84.0	38.376562748178934	11.681648562239461	11.538557429603673	38.401508451705205	0.0017228082727292337
85.0	38.118993535594626	11.84563079641261	11.541921849791155	38.48558476596373	0.007869052237882711
86.0	38.15758328375654	12.06329628711324	11.310140990098454	38.46732180622975	0.0016576328020245599
87.0	38.272530317098564	11.77805914296165	11.414028868067867	38.53493148757773	4.5018429419543625E-4
88.0	38.41049320533452	11.878808764550689	11.42117232811301	38.28901850072995	5.07201271835367E-4
89.0	38.07196456672305	11.81108761541163	11.629863295852935	38.48646369749817	6.208245142153999E-4
90.0	38.25489451526284	11.837124731690022	11.479816179135888	38.427104688551275	0.0010598853599731045
91.0	38.12356799984828	11.863390175309583	11.451514769388977	38.559517354826376	0.002009700626785998
92.0	38.11636774739117	11.865432605886085	11.578589731487176	38.43446468800788	0.005145227227692038
93.0	38.31578259993129	11.681676352930154	11.418812834133503	38.5751965407689	0.008531672236149875
94.0	38.431128952134344	11.820880082371765	11.338714644447597	38.40360345194795	0.005672869098332291
95.0	38.28625001032352	11.761409056618174	11.394347381200484	38.54972049601882	0.008273055838997505
96.0	38.63947120894136	11.580176182866206	11.390857688086584	38.37955405895915	0.009940861146707572
97.0	38.36443928154716	11.718299131360945	11.407887233485745	38.50766015996855	0.0017141936375988948
98.0	38.45683439907203	11.890401684120402	11.241815588930626	38.407614540976894	0.003333786900048919
99.0	38.35308623646219	11.618037484992216	11.406975534411783	38.618561700510426	0.0033390436233868333
100.0	38.62649521805837	11.64480015526381	11.415076896928717	38.30982365154759	0.0038040782015122143
101.0	38.409777701476955	11.6484040738314	11.435691560817245	38.50235955028716	0.0037671135872454162
102.0	38.69259189753961	11.625666888800906	11.25726587077606	38.423452766853096	0.0010225760303281648
103.0	38.452085953196416	11.635358626646195	11.372902264182027	38.53316135346292	0.006491802512442982
104.0	38.63117863030295	11.786014024817407	11.341308127504226	38.24047325088608	0.0010259664893334166
105.0	38.589801710541856	11.415539390402346	11.314376912085189	38.6788490086685	0.0014329783021030911
106.0	38.599845091934256	11.628732749368783	11.451307627641839	38.314822370441384	0.005292160613739841
107.0	38.51032872945749	11.562289135873545	11.365378532241897	38.56015910864766	0.0018444937794084202
108.0	38.70416583800138	11.47702998020078	11.370199445610194	38.44616056761742	0.0024441685702326745
109.0	38.46626127175784	11.538219961057722	11.411069534014452	38.582234119713185	0.002215113456799677
110.0	38.53285983690008	11.716554983522709	11.32661531315027	38.421093968292716	0.002875898134228239
111.0	38.5591553460501	11.500378613167316	11.35076133565483	38.58543452185793	0.004270183269831418
112.0	38.61322477714519	11.577272522842902	11.406120144194011	38.39923669232756	0.004145863490339479
113.0	38.47651021682877	11.598014398895428	11.387604903889956	38.53527283229936	0.002597648086487299
114.0	38.62345919788237	11.642295581417882	11.316400284581313	38.4156101583002	0.0022347778182422854
115.0	38.57738786139769	11.566964995905092	11.336928406874732	38.515375052291084	0.0033436835314011653
116.0	38.6139318090964	11.598984917642243	11.407074321860557	38.37859231032467	0.0014166410761277828
117.0	38.553204059097276	11.488687038242498	11.4246417819602	38.528632679609466	0.004834441090561205
118.0	38.55865087045919	11.742467667156337	11.298536294337223	38.39253948829696	0.007805679750289344
119.0	38.52005799329545	11.60085535658902	11.297384811039501	38.57849647781252	0.003205361263505923
120.0	38.73401908513793	11.433523393723561	11.376355107685276	38.45257864653748	0.00352376691575387
121.0	38.608518240614906	11.590626428673257	11.36604588230019	38.43290268866531	0.001906759746335409
122.0	38.60377695323544	11.682424620201527	11.246375461715353	38.465601926360186	0.0018210384874991679
123.0	38.602308546557936	11.659588469980294	11.307899686285946	38.42749615803112	0.0027071391447085528
124.0	38.63101158327083	11.546835178946877	11.409665655281238	38.41004455011933	0.002443032381719763
125.0	38.592307082319074	11.536598069441474	11.353145147531293	38.51662805870013	0.0013216420080307775
126.0	38.67485354732887	11.503499482098926	11.306287689306313	38.514697042169274	6.622390966095465E-4
127.0	38.55005627028683	11.571285727408661	11.344379434744944	38.532528841444496	0.0017497261150695312
128.0	38.64750993299799	11.587973620037356	11.411277814964164	38.35219559918758	0.001043032812905309
129.0	38.651806967533005	11.521811718564413	11.367721347159804	38.44866098482094	0.009998981921840684
130.0	38.609809208285675	11.685238995650234	11.29708999854689	38.4015300629089	0.006331734608304777
131.0	38.550203768069494	11.553457026235623	11.339256676849363	38.55241045017684	0.004672078668673682
132.0	38.680538733440684	11.510231676369425	11.426821105376169	38.37778642866688	0.004622056146846537
133.0	38.62451620045207	11.518790756857978	11.459954248804731	38.39452172172626	0.002217072158971107
134.0	38.61662304244713	11.674359212915569	11.267463801758385	38.436909752967416	0.00464418991150136
135.0	38.56694305923784	11.567355612218636	11.42320022801811	38.43778401430183	0.004717086223572985
136.0	38.6259400630424	11.585631410711168	11.608847503545961	38.17332638853264	0.006254634167834019
137.0	38.521359186859236	11.561086500547809	11.508259474612057	38.40812090407122	0.0011739339096833946
138.0	38.55051752958772	11.665512195061504	11.524233990535398	38.2580789262051	0.0016573586102722776
139.0	38.56190135206188	11.57499792247371	11.536460780575169	38.3215296185351	0.005110326354139403
140.0	38.597493349138965	11.635212776134994	11.63683322722495	38.126565332381006	0.0038953151200863323
141.0	38.66015654551968	11.49214990305782	11.511172578336847	38.33494226297622	0.0015787101094343091
142.0	38.645950501776305	11.813166821096374	11.478795661581255	38.0601736346145	0.0019133809315593053
143.0	38.598929642811264	11.772465032983474	11.556778425105223	38.06016178148543	0.011665117614610962
144.0	38.76616855626001	11.868712667418393	11.713254143847369	37.64835376856448	0.003510863909742331
145.0	38.53318685858614	12.23403112540635	11.946396990169927	37.2836477750209	0.00273725081667947
146.0	38.42799951989275	12.599516867950236	12.473134749563897	36.49780428164276	0.0015445809503613513
147.0	37.31143743819473	12.429017396016791	12.168929970622674	38.08463390739455	0.005981287771257152
148.0	37.68162255610275	12.075404725131609	12.190013369013673	38.04494033528372	0.008019014468251285
149.0	39.4049815977131	11.831739605786076	9.490399064828564	39.23851915365798	0.03436057801427383
150.0	38.87424293148232	13.208560621563207	6.774566322213156	41.142630124741316	0.0
